data{1} = [
  1     0.000000     0.000000     1.723700     0.000000     0.000000     0.000000     0.000000     0.000000     0.000000     0.000000     0.000000     0.000000     0.000000     0.000000     0.000000     0.000000     0.000000     0.000000
  2    93.702778   172.030700     1.723700     1.000000     0.000000     0.000000     0.102461     0.000000     0.000000     0.000000     0.000000     0.000000     0.000000     0.000000     0.531633     0.023553     0.000000     0.000000
  3     0.000000     0.000000     1.723700     0.000000     0.000000     0.000000     0.000000     0.000000     0.000000     0.000000     0.000000     0.000000     0.000000     0.000000     0.000000     0.000000     0.000000     0.000000
  4    73.711111   906.519300     1.385800     1.000000     0.000000     0.000000     0.148870     0.000000     0.000000     0.000000     0.000000     0.000000     0.000000     0.000000     0.772432     0.034221     0.000000     0.000000
  5     9.259167   300.000000     1.723700     1.000000     0.000000     0.000000     0.000000     0.000000     0.000000     0.000000     0.000000     0.000000     0.000000     0.000000     0.000000     0.000000     0.000000     0.000000
  6    30.338889   870.000000     1.523700     1.000000     0.000000     0.000000     0.060700     0.200151     0.000000     0.000000     0.000000     0.072883     0.113093     0.000143     0.000000     0.000000     0.000000     0.000000
  7     0.219668   870.000000     1.523700     1.000000     0.000000     0.000000     0.000000     0.000000     0.000000     0.000000     0.000000     0.000000     1.000000     0.000000     0.000000     0.000000     0.000000     0.000000
  8     0.000000     0.000000     1.523700     0.000000     0.000000     0.000000     0.000000     0.000000     0.000000     0.000000     0.000000     0.000000     0.000000     0.000000     0.000000     0.000000     0.000000     0.000000
  9    69.111111    25.000000     1.000000     1.000000     0.000000     0.000000     0.000000     0.000000     0.000000     0.000000     0.000000     0.000000     0.000000     0.000000     0.790000     0.210000     0.000000     0.000000
 10    69.111111    82.951700     1.585800     1.000000     0.000000     0.000000     0.000000     0.000000     0.000000     0.000000     0.000000     0.000000     0.000000     0.000000     0.790000     0.210000     0.000000     0.000000
 11    73.711111   928.803900     1.585800     1.000000     0.000000     0.000000     0.148870     0.000000     0.000000     0.000000     0.000000     0.000000     0.000000     0.000000     0.772432     0.034221     0.000000     0.000000
 13     9.259167   192.291100     2.413200     1.000000     0.000000     0.000000     0.000000     0.000000     0.000000     0.000000     0.000000     0.000000     0.000000     0.000000     0.000000     0.000000     0.000000     0.000000
 14     9.259167   300.000000     1.723700     1.000000     0.000000     0.000000     0.000000     0.000000     0.000000     0.000000     0.000000     0.000000     0.000000     0.000000     0.000000     0.000000     0.000000     0.000000
 15    30.338889   765.862200     1.423700     1.000000     0.000000     0.000000     0.156959     0.132635     0.000000     0.000000     0.000000     0.053388     0.317663     0.000131     0.002101     0.000000     0.000000     0.000000
 16    30.338889   150.000000     1.285800     1.000000     0.000000     0.000000     0.156959     0.132635     0.000000     0.000000     0.000000     0.053388     0.317663     0.000131     0.002101     0.000000     0.000000     0.000000
 17    11.336944    20.000000    80.000000     0.000000     0.000000     0.000000     0.000000     0.000000     0.000000     0.000000     0.000000     0.000000     0.000000     0.000000     0.000000     0.000000     0.000000     0.000000
 18    11.336944   538.000200    79.200000     1.000000     0.000000     0.000000     0.000000     0.000000     0.000000     0.000000     0.000000     0.000000     0.000000     0.000000     0.000000     0.000000     0.000000     0.000000
 19   120.638889    25.000000     1.241100     0.000000     0.000000     0.000000     0.000000     0.000000     0.000000     0.000000     0.000000     0.000000     0.000000     0.000000     0.000000     0.000000     0.000000     0.000000
 20    24.707500    60.000400     1.103200     1.000000     0.000000     0.000000     0.190400     0.161956     0.000000     0.000000     0.000000     0.061823     0.389932     0.000158     0.002579     0.000000     0.000000     0.000000
 21   126.269444    60.000400     1.103200     0.000000     0.000000     0.000000     0.000439     0.000166     0.000000     0.000000     0.000000     0.000714     0.000006     0.000001     0.000000     0.000000     0.000000     0.000000
 22    20.360278    40.000000    30.000000     1.000000     0.000000     0.000000     0.232009     0.197349     0.000000     0.000000     0.000000     0.075334     0.475145     0.000192     0.003143     0.000000     0.000000     0.000000
 24    20.353056    40.000000    30.000000     1.000000     0.000000     0.000000     0.232053     0.197387     0.000000     0.000000     0.000000     0.075348     0.475236     0.000000     0.003143     0.000000     0.000000     0.000000
 25     0.017484    47.033900     1.200000     1.000000     0.000000     0.000000     0.000000     0.000000     0.000000     0.000000     0.000000     0.000000     0.000000     0.000000     0.790026     0.210020     0.000000     0.000000
 26     0.017912    40.000000     1.000000     0.703500     0.000000     0.000000     0.000000     0.000000     0.000000     0.000000     0.000000     0.000000     0.000000     0.000000     0.672362     0.029787     0.000000     0.000000
 27     0.006802    40.000000     1.000000     0.000000     0.000000     0.000000     0.000000     0.000000     0.000000     0.000000     0.000000     0.000000     0.000000     0.000000     0.000000     0.000000     0.000000     0.000000
 28    11.778056   420.000000    30.000000     1.000000     0.000000     0.000000     0.000000     0.000000     0.000000     0.000000     0.000000     0.000000     0.000000     0.000000     0.000000     0.000000     0.000000     0.000000
 29    32.130556   213.718000    30.000000     0.974300     0.000000     0.000000     0.145747     0.123974     0.000000     0.000000     0.000000     0.047324     0.298485     0.000000     0.001974     0.000000     0.000000     0.000000
 30    32.130556   350.000000    29.901900     1.000000     0.000000     0.000000     0.145747     0.123974     0.000000     0.000000     0.000000     0.047324     0.298485     0.000000     0.001974     0.000000     0.000000     0.000000
 31    32.130556   434.890300    29.557200     1.000000     0.000000     0.000000     0.231443     0.038279     0.000000     0.000000     0.000000     0.047324     0.384180     0.000000     0.001974     0.000000     0.000000     0.000000
 32    32.130556   279.949400    29.361100     1.000000     0.000000     0.000000     0.231443     0.038279     0.000000     0.000000     0.000000     0.047324     0.384180     0.000000     0.001974     0.000000     0.000000     0.000000
 33    32.130556   200.000000    29.061100     0.978300     0.000000     0.000000     0.231443     0.038279     0.000000     0.000000     0.000000     0.047324     0.384180     0.000000     0.001974     0.000000     0.000000     0.000000
 34    34.855556    25.000000     2.000000     0.000000     0.000000     0.000000     0.000000     0.000000     0.000000     0.000000     0.000000     0.000000     0.000000     0.000000     0.000000     0.000000     0.000000     0.000000
 35    34.855556    70.000000     1.300000     0.000000     0.000000     0.000000     0.000000     0.000000     0.000000     0.000000     0.000000     0.000000     0.000000     0.000000     0.000000     0.000000     0.000000     0.000000
