data{1} = [
  1   614.500000    15.000000     1.010000     1.000000     0.000000     0.009256     0.000326     0.000000     0.000000     0.000000     0.000000     0.000000     0.000000     0.000000     0.772979     0.207351     0.000000     0.000000
  2   614.500000   394.060000    17.000000     1.000000     0.000000     0.009256     0.000326     0.000000     0.000000     0.000000     0.000000     0.000000     0.000000     0.000000     0.772979     0.207351     0.000000     0.000000
  3    14.000000    15.000000    50.000000     1.000000     0.000000     0.000000     0.000000     0.000000     0.000000     0.000000     0.000000     1.000000     0.000000     0.000000     0.000000     0.000000     0.000000     0.000000
  4   628.500000  1274.667600    16.490000     1.000000     0.000000     0.008892     0.039677     0.000000     0.000000     0.000000     0.000000     0.000000     0.000002     0.000000     0.742548     0.120457     0.000000     0.000000
  5     0.000000     0.000000     1.058000     0.000000     0.000000     0.000000     0.000000     0.000000     0.000000     0.000000     0.000000     0.000000     0.000000     0.000000     0.000000     0.000000     0.000000     0.000000
  6   628.500000   587.257900     1.058000     1.000000     0.000000     0.008892     0.039677     0.000000     0.000000     0.000000     0.000000     0.000000     0.000002     0.000000     0.742548     0.120457     0.000000     0.000000
 53    14.000000    -2.797200    17.000000     1.000000     0.000000     0.000000     0.000000     0.000000     0.000000     0.000000     0.000000     1.000000     0.000000     0.000000     0.000000     0.000000     0.000000     0.000000
 54   498.500000   394.060000    17.000000     1.000000     0.000000     0.009256     0.000326     0.000000     0.000000     0.000000     0.000000     0.000000     0.000000     0.000000     0.772972     0.207348     0.000000     0.000000
 55   512.500000  1447.689500    16.490000     1.000000     0.000000     0.008811     0.048393     0.000000     0.000000     0.000000     0.000000     0.000000     0.000002     0.000000     0.735801     0.101209     0.000000     0.000000
 56   116.000000   394.060000    17.000000     1.000000     0.000000     0.009256     0.000326     0.000000     0.000000     0.000000     0.000000     0.000000     0.000000     0.000000     0.772957     0.207340     0.000000     0.000000
 57   116.000000   394.071300    16.490000     1.000000     0.000000     0.009256     0.000326     0.000000     0.000000     0.000000     0.000000     0.000000     0.000000     0.000000     0.772957     0.207340     0.000000     0.000000
];

