data{2} = [
2 33.417160 90.000000 17.000000 0.000000 233.431661 0.012900 0.000500 0.000000 0.000000 0.000000 0.000000 0.000000 0.000000 0.000000 0.755200 0.231400 0.000000 3027.651141 
8 1.000000 25.000000 17.000000 0.000000 401.631597 0.000000 0.000000 0.000000 0.000000 0.000000 0.000000 1.000000 0.000000 0.000000 0.000000 0.000000 0.000000 54.777775 
3 27.108957 90.000000 17.000000 0.000000 233.431661 0.012900 0.000500 0.000000 0.000000 0.000000 0.000000 0.000000 0.000000 0.000000 0.755200 0.231400 0.000000 2456.117321 
5 28.108957 1493.084827 16.490000 0.000000 1490.875790 0.012441 0.098078 0.000000 0.000000 0.079901 0.000000 0.000000 0.000000 0.000000 0.728333 0.081248 0.000000 52000.629635 
4 6.308203 90.000000 17.000000 0.000000 233.431661 0.012900 0.000500 0.000000 0.000000 0.000000 0.000000 0.000000 0.000000 0.000000 0.755200 0.231400 0.000000 571.533820 
6 6.308203 90.000000 16.490000 0.000000 231.043429 0.012900 0.000500 0.000000 0.000000 0.000000 0.000000 0.000000 0.000000 0.000000 0.755200 0.231400 0.000000 571.533820 
7 34.417160 1274.389807 16.490000 0.000000 1218.991846 0.012525 0.080193 0.000000 0.000000 0.065256 0.000000 0.000000 0.000000 0.000000 0.733257 0.108768 0.000000 52572.163455 
1 1.000000 15.000000 1.013000 0.000000 0.399368 0.012900 0.000500 0.000000 0.000000 0.000000 0.000000 0.000000 0.000000 0.000000 0.755200 0.231400 0.000000 15.074516 
];

