 
 %***************************************************
 %*                                                 *
 %*                   EBSTEX 2002                   *
 %*                                                 *
 %*      Uses IAPWS-IF97 for the properties of      *
 %*                 water and steam.                *
 %*                                                 *
 %*                  Frank Cziesla                  *
 %*                 October 21, 2002                *
 %*            f.cziesla@iet.tu-berlin.de           *
 %*              modifiziert für Ebsilon            *
 %*                  von Lea Boche                  *
 %*                                                 *
 %*              FOR INTERNAL USE ONLY!             *
 %*                                                 *
 %*         Technische Universitaet Berlin          *
 %*          Institut fuer Energietechnik           *
 %*           Marchstr. 18, 10587 Berlin            *
 %*                                                 *
 %* Ref.: W. Eisermann, W. Hasberg, G. Tsatsaronis  *
 %*       "THESIS-Ein Rechenprogramm zur Simulation *
 %*        und Entwicklung von Energieumwandlungs-  *
 %*        anlagen", Brennst.-Waerme-Kraft, 36,1/2, *
 %*        1984, pp. 45-51.                         *
 %*                                                 *
 %***************************************************
 
 % Nur zum Gebrauch am Institut fuer Energietechnik
 % der Technischen Universitaet Berlin.
 
 % Version: August 24, 2007
 
 % m [kg/s], T [K], p[bar], H [MW], S [kW/K],
 % EPH [MW], ECH [MW], E [MW]
 
 E = [
     0.00000  273.15   1.000         0.000000         0.000000    0.00000000    0.00000000    0.00000000
    93.70280  442.61   1.724      -498.586641       799.412068   24.01633729    2.30223976   26.31857705
     0.00000  273.15   1.724         0.000000         0.000000    0.00000000    0.00000000    0.00000000
    73.71110 1174.63   1.124       -67.663760       619.630680   44.78822338    2.54836362   47.33658700
     9.25920  573.15   1.724      -119.426289       106.287486    8.30941928    0.02312834    8.33254762
    30.33890 1143.15   1.524      -177.863879       614.136044   57.89099421  578.25475180  636.14574601
     0.00000  273.15   1.524         0.000000         0.000000    0.00000000    0.00000000    0.00000000
     0.00000  273.15   1.524         0.000000         0.000000    0.00000000    0.00000000    0.00000000
    69.11110  298.15   1.000         0.000001       476.169260    0.07557926    0.39408181    0.46966107
    69.11110  356.10   1.586         4.068397       479.427539    3.25397652    0.39408181    3.64805833
    73.71110 1200.20   1.324       -65.279244       618.176018   47.57008007    2.54836362   50.11844369
     0.01750  298.15   1.000         0.000000         0.120573    0.00001914    0.00009979    0.00011893
     9.25920  448.40   2.000      -121.759603       101.065275    7.40255250    0.02312834    7.42568084
     9.25920  573.15   1.724      -119.426289       106.287486    8.30941928    0.02312834    8.33254762
    30.33890 1039.01   1.424       -67.291142      1029.892960   78.33739564 1264.88380578 1343.22120141
    30.33890  423.15   1.286      -177.026449       875.604273   10.74604413 1264.88380578 1275.62984991
    11.56470  309.44  80.000      -182.857516        46.667852    0.19787014    0.02888720    0.22675733
    11.56470  811.48  79.200      -144.288740       119.880741   18.76854533    0.02888720   18.79743253
   120.63890  298.15   1.241     -1914.049081       468.417221    0.54804008    0.30134111    0.84938119
    24.70750  333.15   1.103      -119.731855       776.261122    2.77699336 1259.32630237 1262.10329573
   126.26940  333.15   1.103     -1981.626380       549.456644    3.04904129    5.13770628    8.18674757
    20.36030  313.15  30.000       -63.807422       573.066660   40.18523631 1264.51170967 1304.69694598
    20.35310  313.15  30.000       -63.808192       572.961145   40.17889680 1264.23242621 1304.41132301
     0.01750  320.18   1.200         0.000391         0.120917    0.00031647    0.00009979    0.00041626
     0.01790  313.15   1.000        -0.082531         0.113988    0.00022012    0.00018591    0.00040603
     0.00680  313.15   1.000         0.000000         0.000000    0.00000000    0.00000000    0.00000000
    11.77810  693.15  30.000      -149.510182       123.732518   16.10807821    0.02942024   16.13749845
    32.13060  486.87  30.000      -193.073521       769.491763   57.39784262 1253.65186502 1311.04970763
    32.13060  623.15  29.902      -168.920150       813.374689   69.56459290 1253.65186502 1323.21645792
    32.13060  708.04  29.557      -116.384858       974.247963   92.23763571 1554.94074152 1647.17837724
    32.13060  553.10  29.361      -149.430699       921.977124   73.46957463 1554.94074152 1628.41031615
    32.13060  473.15  29.061      -166.287948       889.654804   65.44116710 1554.94074152 1620.38190862
    34.85560  298.15   2.000      -553.014245       135.336780    0.16097841    0.08706499    0.24804340
    34.85560  343.15   1.300      -546.458672       155.822392    1.12090645    0.08706499    1.20797144
    32.13060  489.81  28.716      -150.552913       948.169012   70.85181081 1679.21719097 1750.06900177
    24.20060  313.15  28.416       -82.450340       766.426963   53.89682131 1687.22479794 1741.12161925
     7.93060  313.15  28.416      -125.310099        32.411658    0.11017795    0.01980966    0.12998761
    32.13060  486.87  30.000      -193.073521       769.491763   57.39784262 1253.65186502 1311.04970763
    32.13060  623.15  30.000      -168.920150       813.217557   69.60751340 1253.65186502 1323.25937842
  1015.16669  298.15   2.000    -16106.498356      3941.673543    4.68848396    2.53576132    7.22424528
  1015.16669  305.15   1.300    -16076.853570      4040.189861    7.42353795    2.53576132    9.95929927
     1.26350  313.15  28.416         0.271650        65.353753    4.81242961  150.00217050  154.81460011
    22.93690  313.15   1.200      -153.538548       363.343154    1.17278345  581.80933859  582.98212204
   165.56670  973.42   1.200      -153.515953      1373.915257   71.42006407    3.24208566   74.66214973
    32.13060  553.17  29.557      -149.416347       921.618563   73.58186773 1554.94074152 1628.52260925
   142.63060  357.30   1.600         8.569793       989.555265    6.85653507    0.81330098    7.66983606
   142.63060  298.15   1.000         0.000002       982.712010    0.15597951    0.81330098    0.96928049
    32.13060  708.04  29.557      -116.384858       974.247963   92.23763571 1554.94074152 1647.17837724
   165.56670  936.21   1.200      -161.004121      1366.071933   66.07430049    3.24208566   69.31638615
    30.16940  664.17  30.000      -384.955760       314.008824   40.07284307    0.07535944   40.14820251
    30.16940  773.15  30.000      -377.535213       324.356375   44.66695717    0.07535944   44.74231661
   165.56670  822.24   1.200      -183.577297      1340.368884   50.52191167    3.24208566   53.76399733
    30.38330  568.15  80.000      -401.432535       281.362363   36.13502959    0.07589374   36.21092333
    30.38330  811.15  80.000      -379.131219       314.761596   49.31334582    0.07589374   49.38923956
   165.56670  573.88   1.200      -230.692544      1272.276153   22.00619382    3.24208566   25.24827948
    30.38330  309.44  80.000      -480.411498       122.607882    0.51985333    0.07589374    0.59574708
    30.38330  553.15  80.000      -447.700393       199.869867   12.12684732    0.07589374   12.20274106
   165.56670  388.15   1.200      -264.086962      1202.065555    7.78980138    3.24208566   11.03188705
    41.94720  810.90  79.200      -523.419579       434.755859   68.03771573    0.10477894   68.14249467
