 
 %***************************************************
 %*                                                 *
 %*                   EBSTEX 2002                   *
 %*                                                 *
 %*      Uses IAPWS-IF97 for the properties of      *
 %*                 water and steam.                *
 %*                                                 *
 %*                  Frank Cziesla                  *
 %*                 October 21, 2002                *
 %*            f.cziesla@iet.tu-berlin.de           *
 %*              modifiziert für Ebsilon            *
 %*                  von Lea Boche                  *
 %*                                                 *
 %*              FOR INTERNAL USE ONLY!             *
 %*                                                 *
 %*         Technische Universitaet Berlin          *
 %*          Institut fuer Energietechnik           *
 %*           Marchstr. 18, 10587 Berlin            *
 %*                                                 *
 %* Ref.: W. Eisermann, W. Hasberg, G. Tsatsaronis  *
 %*       "THESIS-Ein Rechenprogramm zur Simulation *
 %*        und Entwicklung von Energieumwandlungs-  *
 %*        anlagen", Brennst.-Waerme-Kraft, 36,1/2, *
 %*        1984, pp. 45-51.                         *
 %*                                                 *
 %***************************************************
 
 % Nur zum Gebrauch am Institut fuer Energietechnik
 % der Technischen Universitaet Berlin.
 
 % Version: August 24, 2007
 
 % m [kg/s], T [K], p[bar], H [MW], S [kW/K],
 % EPH [MW], ECH [MW], E [MW]
 
 E = [
     0.00000  273.15   1.724         0.000000         0.000000    0.00000000    0.00000000    0.00000000
    93.70280  445.18   1.724       -76.647231       425.583537    2.42921411    2.25090511    4.68011921
     0.00000  273.15   1.724         0.000000         0.000000    0.00000000    0.00000000    0.00000000
    73.71110 1179.67   1.386       -29.305215       566.970515   39.04274423    2.57306543   41.61580966
     9.25920  573.15   1.724         0.000000         0.000000    0.00000000    0.00000000    0.00000000
    30.33890 1143.15   1.524         6.078309       392.999885   32.04141602  581.87422313  613.91563914
     0.21970 1143.15   1.524         2.729326        18.178064    1.52282139   26.28468843   27.80750982
     0.00000  273.15   1.524         0.000000         0.000000    0.00000000    0.00000000    0.00000000
    69.11110  298.15   1.000         0.000001       476.169260   -2.89524298    0.39408181   -2.50116117
    69.11110  356.10   1.586         4.068397       479.427539    0.28315427    0.39408181    0.67723608
    73.71110 1201.95   1.586       -27.404424       565.920883   41.23024233    2.57306543   43.80330776
     9.25920  465.44   2.413         0.000000         0.000000    0.00000000    0.00000000    0.00000000
     9.25920  573.15   1.724         0.000000         0.000000    0.00000000    0.00000000    0.00000000
    30.33890 1039.01   1.424        49.846895       888.324115   60.88192023 1274.13135415 1335.01327438
    30.33890  423.15   1.286       -47.078666       751.973200    1.20061174 1274.13135415 1275.33196588
    11.33690  293.15  80.000         0.000000         0.000000    0.00000000    0.00000000    0.00000000
    11.33690  811.15  79.200         0.000000         0.000000    0.00000000    0.00000000    0.00000000
   120.63890  298.15   1.241         0.000000         0.000000    0.00000000    0.00000000    0.00000000
    24.70750  333.15   1.103       -59.731726       720.054088   -4.33135482 1268.56761376 1264.23625895
   126.26940  333.15   1.103        -0.954323         1.521903   -0.00610985    4.83723688    4.83112703
    20.36030  313.15  30.000       -62.989236       572.281937   33.79416822 1273.75526876 1307.54943698
    20.35310  313.15  30.000       -62.990296       572.176694   33.78884108 1273.47441278 1307.26325386
     0.01750  320.18   1.200         0.000391         0.120917   -0.00043578    0.00009979   -0.00033600
     0.01790  313.15   1.000         0.000195         0.086975   -0.00051716    0.00017881   -0.00033835
     0.00680  313.15   1.000         0.000000         0.000000    0.00000000    0.00000000    0.00000000
    11.77810  693.15  30.000         0.000000         0.000000    0.00000000    0.00000000    0.00000000
    32.13060  486.87  30.000       -36.166991       634.085337   41.55993491 1262.83325312 1304.39318803
    32.13060  623.15  29.902       -15.268908       672.060129   52.08520387 1262.83325312 1314.91845699
    32.13060  708.04  29.557         0.421536       860.848895   75.24617125 1566.61851923 1641.86469049
    32.13060  553.10  29.361       -29.703903       813.199831   58.13607338 1566.61851923 1624.75459261
    32.13060  473.15  29.061       -45.108017       783.670438   50.79791329 1566.61851923 1617.41643252
    34.85560  298.15   2.000         0.000000         0.000000    0.00000000    0.00000000    0.00000000
    34.85560  343.15   1.300         0.000000         0.000000    0.00000000    0.00000000    0.00000000
    32.13060  489.81  28.716       -44.483921       853.810195   56.44025129 1691.92323752 1748.36348881
    24.20060  313.15  28.416       -81.445414       765.457660   45.19113153 1699.94503113 1745.13616266
    32.13060  486.87  30.000       -36.166991       634.085337   41.55993491 1262.83325312 1304.39318803
    32.13060  623.15  30.000       -15.268908       671.921153   52.12316522 1262.83325312 1314.95641834
     7.93060  313.15  28.416         0.000000         0.000000    0.00000000    0.00000000    0.00000000
  1015.16669  298.15   2.000         0.000000         0.000000    0.00000000    0.00000000    0.00000000
  1015.16669  305.15   1.300         0.000000         0.000000    0.00000000    0.00000000    0.00000000
     1.26350  313.15  28.416         0.271650        65.353753    4.03741270  151.16387859  155.20129129
    22.93690  313.15   1.200      -151.695094       361.471746   -1.74651404  585.64280542  583.89629138
    32.13060  553.17  29.557       -29.690798       812.867454   58.23996707 1566.61851923 1624.85848630
   165.56670  973.42   1.200       -42.479440      1241.736052   55.85232837    3.29226214   59.14459051
   142.63060  357.30   1.600         8.569793       989.555265    0.72539024    0.81330098    1.53869122
    32.13060  708.04  29.557         0.421536       860.848895   75.24617125 1566.61851923 1641.86469049
   142.63060  298.15   1.000         0.000002       982.712010   -5.97516533    0.81330098   -5.16186434
   165.56670  388.15   1.200      -141.858634      1087.226688   -1.32263355    3.29226214    1.96962859
    29.84170  293.15  80.000         0.000000         0.000000    0.00000000    0.00000000    0.00000000
    29.84170  811.15  80.000         0.000000         0.000000    0.00000000    0.00000000    0.00000000
    29.40000  664.17  30.000         0.000000         0.000000    0.00000000    0.00000000    0.00000000
    29.40000  773.15  30.000         0.000000         0.000000    0.00000000    0.00000000    0.00000000
    11.33690  811.15  79.200         0.000000         0.000000    0.00000000    0.00000000    0.00000000
    41.17780  810.90  79.200         0.000000         0.000000    0.00000000    0.00000000    0.00000000
    41.17780  664.17  30.000         0.000000         0.000000    0.00000000    0.00000000    0.00000000
    29.40000  465.44   2.413         0.000000         0.000000    0.00000000    0.00000000    0.00000000
    20.14060  465.44   2.413         0.000000         0.000000    0.00000000    0.00000000    0.00000000
    20.14060  323.14   0.100         0.000000         0.000000    0.00000000    0.00000000    0.00000000
    20.14060  323.14   0.100         0.000000         0.000000    0.00000000    0.00000000    0.00000000
