 
 %***************************************************
 %*                                                 *
 %*                   EBSTEX 2002                   *
 %*                                                 *
 %*      Uses IAPWS-IF97 for the properties of      *
 %*                 water and steam.                *
 %*                                                 *
 %*                  Frank Cziesla                  *
 %*                 October 21, 2002                *
 %*            f.cziesla@iet.tu-berlin.de           *
 %*              modifiziert für Ebsilon            *
 %*                  von Lea Boche                  *
 %*                                                 *
 %*              FOR INTERNAL USE ONLY!             *
 %*                                                 *
 %*         Technische Universitaet Berlin          *
 %*          Institut fuer Energietechnik           *
 %*           Marchstr. 18, 10587 Berlin            *
 %*                                                 *
 %* Ref.: W. Eisermann, W. Hasberg, G. Tsatsaronis  *
 %*       "THESIS-Ein Rechenprogramm zur Simulation *
 %*        und Entwicklung von Energieumwandlungs-  *
 %*        anlagen", Brennst.-Waerme-Kraft, 36,1/2, *
 %*        1984, pp. 45-51.                         *
 %*                                                 *
 %***************************************************
 
 % Nur zum Gebrauch am Institut fuer Energietechnik
 % der Technischen Universitaet Berlin.
 
 % Version: August 24, 2007
 
 % m [kg/s], T [K], p[bar], H [MW], S [kW/K],
 % EPH [MW], ECH [MW], E [MW]
 
 E = [
     0.00000  273.15   1.000         0.000000         0.000000    0.00000000    0.00000000    0.00000000
    93.70280  445.18   1.724      -498.263815       800.139330   24.14051173    2.30223976   26.44275149
     0.00000  273.15   1.724         0.000000         0.000000    0.00000000    0.00000000    0.00000000
    73.71110 1179.69   1.124       -67.192801       620.030762   45.14990007    2.54836362   47.69826370
     9.25920  573.15   1.724      -122.882999        99.000014    6.84328290    0.02312834    6.86641124
    30.33890 1143.15   1.524      -177.863879       614.136044   57.89099421  578.25475180  636.14574601
     0.00000  273.15   1.524         0.000000         0.000000    0.00000000    0.00000000    0.00000000
     0.00000  273.15   1.524         0.000000         0.000000    0.00000000    0.00000000    0.00000000
    69.11110  298.15   1.000         0.000001       476.169260    0.07557926    0.39408181    0.46966107
    69.11110  356.10   1.586         4.068397       479.427539    3.25397652    0.39408181    3.64805833
    73.71110 1201.97   1.324       -65.114035       618.313567   47.69771728    2.54836362   50.24608090
     0.01750  298.15   1.000         0.000000         0.120573    0.00001914    0.00009979    0.00011893
     9.25920  465.44   2.413      -122.740076        97.960243    7.27021933    0.02312834    7.29334767
     9.25920  573.15   1.724      -122.882999        99.000014    6.84328290    0.02312834    6.86641124
    30.33890 1039.01   1.424       -67.291142      1029.892960   78.33739564 1264.88380578 1343.22120141
    30.33890  423.15   1.286      -177.026449       875.604273   10.74604413 1264.88380578 1275.62984991
    11.33690  293.15  80.000      -166.128737        76.220584    4.99741744    0.02831818    5.02573562
    11.33690  811.15  79.200      -149.772822       105.045973   13.47967723    0.02831818   13.50799541
   120.63890  298.15   1.241     -1873.216683       589.587030    8.28290472    0.30134111    8.58424584
    24.70750  333.15   1.103      -119.731855       776.261122    2.77699336 1259.32630237 1262.10329573
   126.26940  333.15   1.103     -1981.626380       549.456644    3.04904129    5.13770628    8.18674757
    20.36030  313.15  30.000       -63.807422       573.066660   40.18523631 1264.51170967 1304.69694598
    20.35310  313.15  30.000       -63.808192       572.961145   40.17889680 1264.23242621 1304.41132301
     0.01750  320.18   1.200         0.000391         0.120917    0.00031647    0.00009979    0.00041626
     0.01790  313.15   1.000        -0.082531         0.113988    0.00022012    0.00018591    0.00040603
     0.00680  313.15   1.000         0.000000         0.000000    0.00000000    0.00000000    0.00000000
    11.77810  693.15  30.000      -155.089565       114.263668   13.11511182    0.02942024   13.14453206
    32.13060  486.87  30.000      -193.073521       769.491763   57.39784262 1253.65186502 1311.04970763
    32.13060  623.15  29.902      -168.920150       813.374689   69.56459290 1253.65186502 1323.21645792
    32.13060  708.04  29.557      -116.384858       974.247963   92.23763571 1554.94074152 1647.17837724
    32.13060  553.10  29.361      -149.430699       921.977124   73.46957463 1554.94074152 1628.41031615
    32.13060  473.15  29.061      -166.287948       889.654804   65.44116710 1554.94074152 1620.38190862
    34.85560  298.15   2.000      -539.083746       175.870098    3.01980148    0.08706499    3.10686647
    34.85560  343.15   1.300      -541.020053       170.870514    2.44913150    0.08706499    2.53619649
    32.13060  489.81  28.716      -150.552913       948.169012   70.85181081 1679.21719097 1750.06900177
    24.20060  313.15  28.416       -82.450340       766.426963   53.89682131 1687.22479794 1741.12161925
     7.93060  313.15  28.416      -118.773380        48.644151    2.21299173    0.01980966    2.23280139
    32.13060  486.87  30.000      -193.073521       769.491763   57.39784262 1253.65186502 1311.04970763
    32.13060  623.15  30.000      -168.920150       813.217557   69.60751340 1253.65186502 1323.25937842
  1015.16669  298.15   2.000    -15700.773621      5122.203388   87.95149132    2.53576132   90.48725264
  1015.16669  305.15   1.300    -15757.168399      4976.590878   71.33077098    2.53576132   73.86653230
     1.26350  313.15  28.416         0.271650        65.353753    4.81242961  150.00217050  154.81460011
    22.93690  313.15   1.200      -153.538548       363.343154    1.17278345  581.80933859  582.98212204
   165.56670  973.42   1.200      -153.515953      1373.915257   71.42006407    3.24208566   74.66214973
    32.13060  553.17  29.557      -149.416347       921.618563   73.58186773 1554.94074152 1628.52260925
   142.63060  357.30   1.600         8.569793       989.555265    6.85653507    0.81330098    7.66983606
   142.63060  298.15   1.000         0.000002       982.712010    0.15597951    0.81330098    0.96928049
    32.13060  708.04  29.557      -116.384858       974.247963   92.23763571 1554.94074152 1647.17837724
   165.56670  937.16   1.200      -160.812921      1366.276056   66.20974356    3.24208566   69.45182922
    29.40000  664.17  30.000      -387.128072       285.220180   32.73739244    0.07343758   32.81083002
    29.40000  773.15  30.000      -387.128072       285.220180   32.73739244    0.07343758   32.81083002
   165.56670  825.28   1.200      -182.982725      1341.090662   50.91932996    3.24208566   54.16141562
    29.84170  568.15  80.000      -394.276752       276.346904   35.49090027    0.07454089   35.56544116
    29.84170  811.15  80.000      -394.276752       276.346904   35.49090027    0.07454089   35.56544116
   165.56670  581.70   1.200      -229.254110      1274.765713   22.76460496    3.24208566   26.00669062
    29.84170  293.15  80.000      -437.294495       200.632610   13.15451607    0.07454089   13.22905696
    29.84170  553.15  80.000      -437.294495       200.632610   13.15451607    0.07454089   13.22905696
   165.56670  388.15   1.200      -264.086927      1202.065645    7.78981174    3.24208566   11.03189740
    41.17780  810.90  79.200      -544.003681       381.547166   48.96077891    0.10285707   49.06363598
