 
 %***************************************************
 %*                                                 *
 %*                   EBSTEX 2002                   *
 %*                                                 *
 %*      Uses IAPWS-IF97 for the properties of      *
 %*                 water and steam.                *
 %*                                                 *
 %*                  Frank Cziesla                  *
 %*                 October 21, 2002                *
 %*            f.cziesla@iet.tu-berlin.de           *
 %*              modifiziert für Ebsilon            *
 %*                  von Lea Boche                  *
 %*                                                 *
 %*              FOR INTERNAL USE ONLY!             *
 %*                                                 *
 %*         Technische Universitaet Berlin          *
 %*          Institut fuer Energietechnik           *
 %*           Marchstr. 18, 10587 Berlin            *
 %*                                                 *
 %* Ref.: W. Eisermann, W. Hasberg, G. Tsatsaronis  *
 %*       "THESIS-Ein Rechenprogramm zur Simulation *
 %*        und Entwicklung von Energieumwandlungs-  *
 %*        anlagen", Brennst.-Waerme-Kraft, 36,1/2, *
 %*        1984, pp. 45-51.                         *
 %*                                                 *
 %***************************************************
 
 % Nur zum Gebrauch am Institut fuer Energietechnik
 % der Technischen Universitaet Berlin.
 
 % Version: August 24, 2007
 
 % m [kg/s], T [K], p[bar], H [MW], S [kW/K],
 % EPH [MW], ECH [MW], E [MW]
 
 E = [
     0.00000  273.15   1.724         0.000000         0.000000    0.00000000    0.00000000    0.00000000
    93.70280  445.18   1.724      -498.263815       800.139330   21.57203016    2.31433648   23.88636664
     0.00000  273.15   1.724         0.000000         0.000000    0.00000000    0.00000000    0.00000000
    73.71110 1179.67   1.386       -67.194466       615.597249   43.42626812    2.56218840   45.98845652
     9.25920  573.15   1.724      -122.882999        99.000014    6.84261272    0.02312834    6.86574106
    30.33890 1143.15   1.524      -177.863879       614.136044   55.28236717  581.89674301  637.17911018
     0.21970 1143.15   1.524         2.729326        18.178064    1.52282139   26.28468843   27.80750982
     0.00000  273.15   1.524         0.000000         0.000000    0.00000000    0.00000000    0.00000000
    69.11110  298.15   1.000         0.000001       476.169260   -2.89524298    0.39408181   -2.50116117
    69.11110  356.10   1.586         4.068397       479.427539    0.28315427    0.39408181    0.67723608
    73.71110 1201.95   1.586       -65.115706       614.492990   45.80665657    2.56218840   48.36884497
     9.25920  465.44   2.413      -122.740076        97.960243    7.26954915    0.02312834    7.29267749
     9.25920  573.15   1.724      -122.882999        99.000014    6.84261272    0.02312834    6.86574106
    30.33890 1039.01   1.424       -67.291142      1029.892960   71.95513167 1274.11447180 1346.06960346
    30.33890  423.15   1.286      -177.026449       875.604273    4.36378016 1274.11447180 1278.47825196
    11.33690  293.15  80.000      -166.128737        76.220584    4.99659688    0.02831818    5.02491505
    11.33690  811.15  79.200      -149.772822       105.045973   13.47885666    0.02831818   13.50717484
   120.63890  298.15   1.241     -1873.216683       589.587030    8.27417288    0.30134111    8.57551399
    24.70750  333.15   1.103      -119.731855       776.261122   -3.59198251 1268.53742105 1264.94543855
   126.26940  333.15   1.103     -1981.626380       549.456644    3.03053027    5.15191888    8.18244915
    20.36030  313.15  30.000       -63.807422       573.066660   33.81647025 1273.73474675 1307.55121700
    20.35310  313.15  30.000       -63.808192       572.961145   33.81113523 1273.45389651 1307.26503174
     0.01750  320.18   1.200         0.000391         0.120917   -0.00043578    0.00009979   -0.00033600
     0.01790  313.15   1.000        -0.082531         0.113988   -0.00033477    0.00018852   -0.00014624
     0.00680  313.15   1.000         0.000000         0.000000    0.00000000    0.00000000    0.00000000
    11.77810  693.15  30.000      -155.089565       114.263668   13.11425932    0.02942024   13.14367956
    32.13060  486.87  30.000      -193.073521       769.491763   51.05669228 1262.82202541 1313.87871769
    32.13060  623.15  29.902      -168.920150       813.374689   63.22344256 1262.82202541 1326.04546797
    32.13060  708.04  29.557      -116.384858       974.247963   84.24406225 1566.58966706 1650.83372931
    32.13060  553.10  29.361      -149.430699       921.977124   65.47600117 1566.58966706 1632.06566823
    32.13060  473.15  29.061      -166.287948       889.654804   57.44759364 1566.58966706 1624.03726070
    34.85560  298.15   2.000      -539.083746       175.870098    3.01727863    0.08706499    3.10434362
    34.85560  343.15   1.300      -541.020053       170.870514    2.44660865    0.08706499    2.53367364
    32.13060  489.81  28.716      -150.552913       948.169012   62.17751028 1691.88712521 1754.06463549
    24.20060  313.15  28.416       -82.450340       766.426963   45.21801081 1699.91884230 1745.13685311
    32.13060  486.87  30.000      -193.073521       769.491763   51.05669228 1262.82202541 1313.87871769
    32.13060  623.15  30.000      -168.920150       813.217557   63.26636306 1262.82202541 1326.08838847
     7.93060  313.15  28.416      -118.773380        48.644151    2.21241771    0.01980966    2.23222737
  1015.16669  298.15   2.000    -15700.773621      5122.203388   87.87801357    2.53576132   90.41377489
  1015.16669  305.15   1.300    -15757.168399      4976.590878   71.25729323    2.53576132   73.79305455
     1.26350  313.15  28.416         0.271650        65.353753    4.03741270  151.16387859  155.20129129
    22.93690  313.15   1.200      -153.538548       363.343154   -1.75210940  585.62418231  583.87207291
    32.13060  553.17  29.557      -149.416347       921.618563   65.58829427 1566.58966706 1632.17796133
   165.56670  973.42   1.200      -153.515953      1373.915257   64.89223923    3.27285429   68.16509353
   142.63060  357.30   1.600         8.569793       989.555265    0.72539024    0.81330098    1.53869122
    32.13060  708.04  29.557      -116.384858       974.247963   84.24406225 1566.58966706 1650.83372931
   142.63060  298.15   1.000         0.000002       982.712010   -5.97516533    0.81330098   -5.16186434
   165.56670  388.15   1.200      -264.086927      1202.065645    1.26198690    3.27285429    4.53484119
    29.84170  293.15  80.000      -437.294495       200.632610   13.15235613    0.07454089   13.22689702
    29.84170  811.15  80.000      -394.276752       276.346904   35.48874033    0.07454089   35.56328122
    29.40000  664.17  30.000      -387.128072       285.220180   32.73526447    0.07343758   32.80870205
    29.40000  773.15  30.000      -387.128072       285.220180   32.73526447    0.07343758   32.80870205
    11.33690  811.15  79.200      -149.772822       105.045973   13.47885666    0.02831818   13.50717484
    41.17780  810.90  79.200      -544.003681       381.547166   48.95779846    0.10285707   49.06065553
    41.17780  664.17  30.000      -542.213682       399.480934   45.84918930    0.10285707   45.95204637
    29.40000  465.44   2.413      -389.726773       311.045346   23.08241964    0.07343758   23.15585722
    20.14060  465.44   2.413      -266.984055       213.082994   15.81271401    0.05030874   15.86302274
    20.14060  323.14   0.100      -273.539062       222.649270    6.64467905    0.05030874    6.69498778
    20.14060  323.14   0.100      -317.800023        83.881513    0.28813066    0.05030874    0.33843939
