 
 %***************************************************
 %*                                                 *
 %*                   EBSTEX 2002                   *
 %*                                                 *
 %*      Uses IAPWS-IF97 for the properties of      *
 %*                 water and steam.                *
 %*                                                 *
 %*                  Frank Cziesla                  *
 %*                 October 21, 2002                *
 %*            f.cziesla@iet.tu-berlin.de           *
 %*              modifiziert für Ebsilon            *
 %*                  von Lea Boche                  *
 %*                                                 *
 %*              FOR INTERNAL USE ONLY!             *
 %*                                                 *
 %*         Technische Universitaet Berlin          *
 %*          Institut fuer Energietechnik           *
 %*           Marchstr. 18, 10587 Berlin            *
 %*                                                 *
 %* Ref.: W. Eisermann, W. Hasberg, G. Tsatsaronis  *
 %*       "THESIS-Ein Rechenprogramm zur Simulation *
 %*        und Entwicklung von Energieumwandlungs-  *
 %*        anlagen", Brennst.-Waerme-Kraft, 36,1/2, *
 %*        1984, pp. 45-51.                         *
 %*                                                 *
 %***************************************************
 
 % Nur zum Gebrauch am Institut fuer Energietechnik
 % der Technischen Universitaet Berlin.
 
 % Version: August 24, 2007
 
 % m [kg/s], T [K], p[bar], H [MW], S [kW/K],
 % EPH [MW], ECH [MW], E [MW]
 
 E = [
   614.50000  288.15   1.010        -7.849494      4201.049819   -0.00000048    1.75675819    1.75675771
   614.50000  667.21  17.000       232.739187      4231.747292  231.74320345    1.75675819  233.49996164
    14.00000  288.15  50.000       -65.648066       133.093360    8.15799975  721.45936850  729.61736825
   628.50000 1547.82  16.490       641.927394      4916.796022  704.49809793    4.82092886  709.31902680
     0.00000  273.15   1.058         0.000000         0.000000    0.00000000    0.00000000    0.00000000
   628.50000  860.41   1.058       129.780675      4975.544409  175.42303063    4.82092886  180.24395949
    14.00000  270.35  17.000       -66.191594       138.973833    5.92001317  721.45936850  727.37938167
   498.50000  667.21  17.000       188.804695      3432.914606  187.99672403    1.42513256  189.42185659
   512.50000 1720.84  16.490       586.242142      4070.219842  665.83856286    5.09785367  670.93641653
   116.00000  667.21  17.000        43.934493       798.832687   43.74647941    0.33162563   44.07810504
   116.00000  667.22  16.490        43.935895       799.853139   43.45383815    0.33162563   43.78546379
 ];
