 
 %***************************************************
 %*                                                 *
 %*                   EBSTEX 2002                   *
 %*                                                 *
 %*      Uses IAPWS-IF97 for the properties of      *
 %*                 water and steam.                *
 %*                                                 *
 %*                  Frank Cziesla                  *
 %*                 October 21, 2002                *
 %*            f.cziesla@iet.tu-berlin.de           *
 %*              modifiziert für Ebsilon            *
 %*                  von Lea Boche                  *
 %*                                                 *
 %*              FOR INTERNAL USE ONLY!             *
 %*                                                 *
 %*         Technische Universitaet Berlin          *
 %*          Institut fuer Energietechnik           *
 %*           Marchstr. 18, 10587 Berlin            *
 %*                                                 *
 %* Ref.: W. Eisermann, W. Hasberg, G. Tsatsaronis  *
 %*       "THESIS-Ein Rechenprogramm zur Simulation *
 %*        und Entwicklung von Energieumwandlungs-  *
 %*        anlagen", Brennst.-Waerme-Kraft, 36,1/2, *
 %*        1984, pp. 45-51.                         *
 %*                                                 *
 %***************************************************
 
 % Nur zum Gebrauch am Institut fuer Energietechnik
 % der Technischen Universitaet Berlin.
 
 % Version: August 24, 2007
 
 % m [kg/s], T [K], p[bar], H [MW], S [kW/K],
 % EPH [MW], ECH [MW], E [MW]
 
 E = [
     0.00000  273.15   1.000         0.000000         0.000000    0.00000000    0.00000000    0.00000000
    93.70278  442.61   1.724      -498.616103       799.433167   24.01940179    2.30205084   26.32145263
     0.00000  273.15   1.724         0.000000         0.000000    0.00000000    0.00000000    0.00000000
    73.71111 1174.63   1.124       -67.622870       619.624527   44.78670806    2.54774579   47.33445385
     9.25917  573.15   1.724      -119.425858       106.287103    8.30938933    0.02312826    8.33251759
    30.33889 1143.15   1.524      -177.846485       614.091632   57.88655562  578.21868101  636.10523664
     0.00000  273.15   1.524         0.000000         0.000000    0.00000000    0.00000000    0.00000000
     0.00000  273.15   1.524         0.000000         0.000000    0.00000000    0.00000000    0.00000000
    69.11111  298.15   1.000         0.000001       476.169365    0.07557928    0.39408190    0.46966117
    69.11111  356.10   1.586         4.068398       479.427645    3.25397724    0.39408190    3.64805913
    73.71111 1200.20   1.324       -65.238415       618.169830   47.56851385    2.54774579   50.11625964
     0.01748  298.15   1.000         0.000000         0.120469    0.00001912    0.00009970    0.00011882
     9.25917  448.40   2.000      -121.759164       101.064911    7.40252581    0.02312826    7.42565407
     9.25917  573.15   1.724      -119.425858       106.287103    8.30938933    0.02312826    8.33251759
    30.33889 1039.01   1.424       -67.291115      1029.799991   78.32984242 1264.76286280 1343.09270522
    30.33889  423.15   1.286      -177.015530       875.526623   10.74519834 1264.76286280 1275.50806114
    11.56472  309.44  80.000      -182.857863        46.667941    0.19787051    0.02888725    0.22675776
    11.56472  811.48  79.200      -144.289014       119.880968   18.76858093    0.02888725   18.79746818
   120.63889  298.15   1.241     -1914.048838       468.417162    0.54804001    0.30134107    0.84938109
    24.70750  333.15   1.103      -119.719341       776.289882    2.77688787 1259.41550797 1262.19239584
   126.26945  333.15   1.103     -1981.731230       549.567872    3.04990246    5.27881828    8.32872074
    20.36028  313.15  30.000       -63.804899       573.125637   40.18923789 1264.65980268 1304.84904057
    20.35306  313.15  30.000       -63.792196       573.000260   40.18177759 1264.36373545 1304.54551304
     0.01748  320.18   1.200         0.000391         0.120812    0.00031620    0.00009970    0.00041590
     0.01791  313.15   1.000        -0.082579         0.114055    0.00022025    0.00018605    0.00040630
     0.00680  313.15   1.000        -0.107494         0.027806    0.00007600    0.00001699    0.00009299
    11.77806  693.15  30.000      -149.509626       123.732057   16.10801821    0.02942013   16.13743835
    32.13055  486.87  30.000      -193.080510       769.460840   57.39532602 1253.62521278 1311.02053881
    32.13055  623.15  29.902      -168.927988       813.342219   69.56164971 1253.62521278 1323.18686249
    32.13055  708.04  29.557      -116.395704       974.206387   92.23358748 1554.89616551 1647.12975299
    32.13055  553.10  29.361      -149.440296       921.937521   73.46623561 1554.89616551 1628.36240112
    32.13055  473.15  29.061      -166.296876       889.616482   65.43814803 1554.89616551 1620.33431355
    34.85556  298.15   2.000      -553.013579       135.336617    0.16097821    0.08706489    0.24804310
    34.85556  343.15   1.300      -546.458014       155.822204    1.12090510    0.08706489    1.20796998
    32.13055  489.81  28.716      -150.528544       948.135573   70.84990486 1679.22883221 1750.07873707
    24.20056  313.15  28.416       -82.454567       766.497542   53.90150532 1687.38628124 1741.28778656
     7.93056  313.15  28.416      -125.309398        32.411477    0.11017733    0.01980955    0.12998688
    32.13055  486.87  30.000      -193.080510       769.460840   57.39532602 1253.62521278 1311.02053881
    32.13055  623.15  30.000      -168.927988       813.185094   69.60456830 1253.62521278 1323.22978108
  1015.16669  298.15   2.000    -16106.498356      3941.673543    4.68848396    2.53576132    7.22424528
  1015.16669  305.15   1.300    -16076.853570      4040.189861    7.42353795    2.53576132    9.95929927
     1.26354  313.15  28.416         0.271658        65.355824    4.81258217  150.00692573  154.81950790
    22.93694  313.15   1.200      -153.528203       363.366873    1.17286280  581.87256659  583.04542939
   165.56667  973.42   1.200      -153.455874      1373.752027   71.41109598    3.24103113   74.65212711
    32.13055  553.17  29.557      -149.425945       921.578978   73.57852349 1554.89616551 1628.47468900
   142.63055  357.30   1.600         8.569540       989.526241    6.85633310    0.81327703    7.66961013
   142.63055  298.15   1.000         0.000002       982.683187    0.15597491    0.81327703    0.96925194
    32.13055  708.04  29.557      -116.395704       974.206387   92.23358748 1554.89616551 1647.12975299
   165.56667  936.21   1.200      -160.943110      1365.909679   66.06599778    3.24103113   69.30702891
    30.16944  664.17  30.000      -384.956320       314.009281   40.07290134    0.07535955   40.14826089
    30.16944  773.15  30.000      -377.535762       324.356846   44.66702212    0.07535955   44.74238167
   165.56667  822.24   1.200      -183.513480      1340.209826   50.51554255    3.24103113   53.75657368
 ];
