data{1} = [
  1   614.500000    15.000000     1.010000     1.000000    30.576000     0.009351     0.000329     0.000000     0.000000     0.000000     0.000000     0.000000     0.000000     0.000000     0.780856     0.209464     0.000000   -23.772300
  2   614.500000   394.060000    17.000000     1.000000    42.818000     0.009351     0.000329     0.000000     0.000000     0.000000     0.000000     0.000000     0.000000     0.000000     0.780856     0.209464     0.000000    70.065800
  3    14.000000    15.000000    50.000000     1.000000 -1737.800000     0.000000     0.000000     0.000000     0.000000     0.000000     0.000000     1.000000     0.000000     0.000000     0.000000     0.000000     0.000000 -1129.588700
  4   628.500000  1274.667600    16.490000     1.000000   285.500000     0.009754     0.043526     0.000000     0.000000     0.000000     0.000000     0.000000     0.000002     0.000000     0.814577     0.132141     0.000000    43.343200
  5     0.000000     0.000000     1.058000     0.000000     0.000000     0.000000     0.000000     0.000000     0.000000     0.000000     0.000000     0.000000     0.000000     0.000000     0.000000     0.000000     0.000000     0.000000
  6   628.500000   587.257900     1.058000     1.000000   303.000000     0.009754     0.043526     0.000000     0.000000     0.000000     0.000000     0.000000     0.000002     0.000000     0.814577     0.132141     0.000000  -162.752600
 53    14.000000    -2.797200    17.000000     1.000000 -1614.700000     0.000000     0.000000     0.000000     0.000000     0.000000     0.000000     1.000000     0.000000     0.000000     0.000000     0.000000     0.000000 -1129.588700
 54   498.500000   394.060000    17.000000     1.000000    42.818000     0.009351     0.000329     0.000000     0.000000     0.000000     0.000000     0.000000     0.000000     0.000000     0.780857     0.209463     0.000000    70.065800
 55   512.500000  1447.689500    16.490000     1.000000   319.300000     0.009853     0.054118     0.000000     0.000000     0.000000     0.000000     0.000000     0.000002     0.000000     0.822845     0.113182     0.000000    37.294700
 56   116.000000   394.060000    17.000000     1.000000    42.818000     0.009351     0.000329     0.000000     0.000000     0.000000     0.000000     0.000000     0.000000     0.000000     0.780860     0.209460     0.000000    70.065800
 57   116.000000   394.071300    16.490000     1.000000    44.927000     0.009351     0.000329     0.000000     0.000000     0.000000     0.000000     0.000000     0.000000     0.000000     0.780860     0.209460     0.000000    70.065800
];

