data{5} = [
2 35.003452 150.000000 17.000000 0.000000 251.911757 0.012900 0.000500 0.000000 0.000000 0.000000 0.000000 0.000000 0.000000 0.000000 0.755200 0.231400 0.000000 5299.652287 
8 1.000000 25.000000 17.000000 0.000000 401.631597 0.000000 0.000000 0.000000 0.000000 0.000000 0.000000 1.000000 0.000000 0.000000 0.000000 0.000000 0.000000 54.777775 
3 28.395803 150.000000 17.000000 0.000000 251.911757 0.012900 0.000500 0.000000 0.000000 0.000000 0.000000 0.000000 0.000000 0.000000 0.755200 0.231400 0.000000 4299.229723 
5 29.395803 1484.440879 16.490000 0.000000 1474.299619 0.012461 0.093806 0.000000 0.000000 0.076403 0.000000 0.000000 0.000000 0.000000 0.729509 0.087821 0.000000 53825.322968 
4 6.607649 150.000000 17.000000 0.000000 251.911757 0.012900 0.000500 0.000000 0.000000 0.000000 0.000000 0.000000 0.000000 0.000000 0.755200 0.231400 0.000000 1000.422564 
6 6.607649 150.000000 16.490000 0.000000 249.523525 0.012900 0.000500 0.000000 0.000000 0.000000 0.000000 0.000000 0.000000 0.000000 0.755200 0.231400 0.000000 1000.422564 
7 36.003452 1274.390214 16.490000 0.000000 1214.591898 0.012542 0.076682 0.000000 0.000000 0.062381 0.000000 0.000000 0.000000 0.000000 0.734224 0.114172 0.000000 54825.745531 
1 1.000000 15.000000 1.013000 0.000000 0.399368 0.012900 0.000500 0.000000 0.000000 0.000000 0.000000 0.000000 0.000000 0.000000 0.755200 0.231400 0.000000 15.074516 
];

