data{1} = [
100 0.000000 0.000000 0.000000 0.000000 0.000000 0.000000 0.000000 0.000000 0.000000 0.000000 0.000000 0.000000 0.000000 0.000000 0.000000 0.000000 0.000000 28101.309488 
102 0.000000 0.000000 0.000000 0.000000 0.000000 0.000000 0.000000 0.000000 0.000000 0.000000 0.000000 0.000000 0.000000 0.000000 0.000000 0.000000 0.000000 123274.297132 
420 0.000001 32.875490 0.050000 0.925756 133.149078 0.000000 0.000000 0.000000 0.000000 0.000000 0.000000 0.000000 0.000000 0.000000 0.000000 0.000000 0.000000 0.002381 
30 70.792574 310.714042 4.100000 1.000000 902.249330 0.000000 0.000000 0.000000 0.000000 0.000000 0.000000 0.000000 0.000000 0.000000 0.000000 0.000000 0.000000 218668.988245 
45 92.663606 32.875490 0.050000 0.000000 2.130551 0.000000 0.000000 0.000000 0.000000 0.000000 0.000000 0.000000 0.000000 0.000000 0.000000 0.000000 0.000000 12765.812677 
52 26521.908286 21.001213 1.374000 0.000000 0.294118 0.000000 0.000000 0.000000 0.000000 0.000000 0.000000 0.000000 0.000000 0.000000 0.000000 0.000000 0.000000 2340198.313983 
50 26521.908286 22.875490 1.333000 0.000000 0.474351 0.000000 0.000000 0.000000 0.000000 0.000000 0.000000 0.000000 0.000000 0.000000 0.000000 0.000000 0.000000 2548052.601389 
108 0.000000 0.000000 0.000000 0.000000 0.000000 0.000000 0.000000 0.000000 0.000000 0.000000 0.000000 0.000000 0.000000 0.000000 0.000000 0.000000 0.000000 38.119761 
107 0.000000 0.000000 0.000000 0.000000 0.000000 0.000000 0.000000 0.000000 0.000000 0.000000 0.000000 0.000000 0.000000 0.000000 0.000000 0.000000 0.000000 2.231181 
11 623.818402 341.175431 1.043450 0.000000 126.462262 0.012533 0.061594 0.000000 0.000000 0.056196 0.000000 0.000000 0.000000 0.000000 0.733720 0.135957 0.000000 229222.313441 
2006 0.000000 0.000000 0.000000 0.000000 0.000000 0.000000 0.000000 0.000000 0.000000 0.000000 0.000000 0.000000 0.000000 0.000000 0.000000 0.000000 0.000000 121425.182676 
40 62.740065 331.171495 130.526316 1.000000 1098.384525 0.000000 0.000000 0.000000 0.000000 0.000000 0.000000 0.000000 0.000000 0.000000 0.000000 0.000000 0.000000 166991.639199 
7 266.499985 441.718202 1.050050 0.000000 191.226643 0.012533 0.061594 0.000000 0.000000 0.056196 0.000000 0.000000 0.000000 0.000000 0.733720 0.135957 0.000000 128183.080182 
19 92.663606 32.892371 3.727618 0.000000 2.502196 0.000000 0.000000 0.000000 0.000000 0.000000 0.000000 0.000000 0.000000 0.000000 0.000000 0.000000 0.000000 12803.170056 
44 92.663605 32.875490 0.050000 0.925756 133.149078 0.000000 0.000000 0.000000 0.000000 0.000000 0.000000 0.000000 0.000000 0.000000 0.000000 0.000000 0.000000 220620.100081 
10 623.818402 445.325821 1.050050 0.000000 193.693543 0.012533 0.061594 0.000000 0.000000 0.056196 0.000000 0.000000 0.000000 0.000000 0.733720 0.135957 0.000000 302622.361123 
39 62.740066 325.171497 130.526316 0.000000 486.354246 0.000000 0.000000 0.000000 0.000000 0.000000 0.000000 0.000000 0.000000 0.000000 0.000000 0.000000 0.000000 93585.491709 
41 62.740065 552.160637 124.000000 1.000000 1570.563574 0.000000 0.000000 0.000000 0.000000 0.000000 0.000000 0.000000 0.000000 0.000000 0.000000 0.000000 0.000000 218535.390140 
42 62.740063 306.602923 23.157895 1.000000 1097.202013 0.000000 0.000000 0.000000 0.000000 0.000000 0.000000 0.000000 0.000000 0.000000 0.000000 0.000000 0.000000 190150.222980 
29 70.792568 552.160637 22.000000 1.000000 1412.962964 0.000000 0.000000 0.000000 0.000000 0.000000 0.000000 0.000000 0.000000 0.000000 0.000000 0.000000 0.000000 253568.228504 
101 0.000000 0.000000 0.000000 0.000000 0.000000 0.000000 0.000000 0.000000 0.000000 0.000000 0.000000 0.000000 0.000000 0.000000 0.000000 0.000000 0.000000 62651.575696 
14 623.818402 237.618962 1.037147 0.000000 70.425423 0.012533 0.061594 0.000000 0.000000 0.056196 0.000000 0.000000 0.000000 0.000000 0.733720 0.135957 0.000000 158026.847664 
12 623.818402 260.493191 1.038350 0.000000 81.716288 0.012533 0.061594 0.000000 0.000000 0.056196 0.000000 0.000000 0.000000 0.000000 0.733720 0.135957 0.000000 173607.958745 
13 623.818402 259.769165 1.038347 0.000000 81.351743 0.012533 0.061594 0.000000 0.000000 0.056196 0.000000 0.000000 0.000000 0.000000 0.733720 0.135957 0.000000 173113.561973 
17 623.818402 156.373178 1.032147 0.000000 36.170791 0.012533 0.061594 0.000000 0.000000 0.056196 0.000000 0.000000 0.000000 0.000000 0.733720 0.135957 0.000000 103287.734903 
16 623.818402 228.886089 1.036647 0.000000 66.289274 0.012533 0.061594 0.000000 0.000000 0.056196 0.000000 0.000000 0.000000 0.000000 0.733720 0.135957 0.000000 152098.909681 
20 92.663606 135.615000 3.615789 0.000000 84.012367 0.000000 0.000000 0.000000 0.000000 0.000000 0.000000 0.000000 0.000000 0.000000 0.000000 0.000000 0.000000 52857.883458 
15 623.818402 233.641676 1.036947 0.000000 68.531406 0.012533 0.061594 0.000000 0.000000 0.056196 0.000000 0.000000 0.000000 0.000000 0.733720 0.135957 0.000000 155325.647749 
18 623.818402 96.133319 1.028347 0.000000 18.056027 0.012533 0.061594 0.000000 0.000000 0.056196 0.000000 0.000000 0.000000 0.000000 0.733720 0.135957 0.000000 63233.021331 
27 8.052505 240.493189 23.157895 1.000000 1018.186562 0.000000 0.000000 0.000000 0.000000 0.000000 0.000000 0.000000 0.000000 0.000000 0.000000 0.000000 0.000000 23055.407783 
28 70.792568 298.579245 23.157895 1.000000 1087.677912 0.000000 0.000000 0.000000 0.000000 0.000000 0.000000 0.000000 0.000000 0.000000 0.000000 0.000000 0.000000 213205.630763 
31 21.871033 213.641674 4.100000 1.000000 810.296253 0.000000 0.000000 0.000000 0.000000 0.000000 0.000000 0.000000 0.000000 0.000000 0.000000 0.000000 0.000000 63186.188757 
43 92.663607 287.742062 4.100000 1.000000 878.831004 0.000000 0.000000 0.000000 0.000000 0.000000 0.000000 0.000000 0.000000 0.000000 0.000000 0.000000 0.000000 281855.177001 
32 21.871033 146.372345 4.315789 1.000000 763.517651 0.000000 0.000000 0.000000 0.000000 0.000000 0.000000 0.000000 0.000000 0.000000 0.000000 0.000000 0.000000 59959.450689 
33 0.809644 146.372345 4.315789 1.000000 763.517651 0.000000 0.000000 0.000000 0.000000 0.000000 0.000000 0.000000 0.000000 0.000000 0.000000 0.000000 0.000000 2219.639586 
21 93.473250 140.007625 3.615789 0.000000 89.632038 0.000000 0.000000 0.000000 0.000000 0.000000 0.000000 0.000000 0.000000 0.000000 0.000000 0.000000 0.000000 55077.522455 
22 70.792572 140.007625 3.615789 0.000000 89.632038 0.000000 0.000000 0.000000 0.000000 0.000000 0.000000 0.000000 0.000000 0.000000 0.000000 0.000000 0.000000 41713.318669 
37 62.740066 140.007625 3.615789 0.000000 89.632038 0.000000 0.000000 0.000000 0.000000 0.000000 0.000000 0.000000 0.000000 0.000000 0.000000 0.000000 0.000000 36968.516445 
23 8.052506 140.007625 3.615789 0.000000 89.632038 0.000000 0.000000 0.000000 0.000000 0.000000 0.000000 0.000000 0.000000 0.000000 0.000000 0.000000 0.000000 4744.802224 
24 8.052506 140.485104 25.130651 0.000000 92.292832 0.000000 0.000000 0.000000 0.000000 0.000000 0.000000 0.000000 0.000000 0.000000 0.000000 0.000000 0.000000 4772.501502 
38 62.740066 141.751599 134.563212 0.000000 104.302260 0.000000 0.000000 0.000000 0.000000 0.000000 0.000000 0.000000 0.000000 0.000000 0.000000 0.000000 0.000000 37971.137057 
36 22.680677 146.372345 4.315789 1.000000 763.517651 0.000000 0.000000 0.000000 0.000000 0.000000 0.000000 0.000000 0.000000 0.000000 0.000000 0.000000 0.000000 62179.090275 
25 8.052506 216.617630 24.376731 0.000000 213.392378 0.000000 0.000000 0.000000 0.000000 0.000000 0.000000 0.000000 0.000000 0.000000 0.000000 0.000000 0.000000 7473.701588 
26 8.052505 222.617630 24.376731 1.000000 997.925687 0.000000 0.000000 0.000000 0.000000 0.000000 0.000000 0.000000 0.000000 0.000000 0.000000 0.000000 0.000000 22561.011011 
34 22.680678 140.007625 3.615789 0.000000 89.632038 0.000000 0.000000 0.000000 0.000000 0.000000 0.000000 0.000000 0.000000 0.000000 0.000000 0.000000 0.000000 13364.203786 
