data{1} = [
100 0.000000 0.000000 0.000000 0.000000 0.000000 0.000000 0.000000 0.000000 0.000000 0.000000 0.000000 0.000000 0.000000 0.000000 0.000000 0.000000 0.000000 28857.887838 
102 0.000000 0.000000 0.000000 0.000000 0.000000 0.000000 0.000000 0.000000 0.000000 0.000000 0.000000 0.000000 0.000000 0.000000 0.000000 0.000000 0.000000 124270.436591 
420 0.000001 32.875490 0.050000 0.928551 133.544754 0.000000 0.000000 0.000000 0.000000 0.000000 0.000000 0.000000 0.000000 0.000000 0.000000 0.000000 0.000000 0.002388 
30 70.477545 317.519801 4.100000 1.000000 909.375859 0.000000 0.000000 0.000000 0.000000 0.000000 0.000000 0.000000 0.000000 0.000000 0.000000 0.000000 0.000000 218682.004013 
45 92.014296 32.875490 0.050000 0.000000 2.130551 0.000000 0.000000 0.000000 0.000000 0.000000 0.000000 0.000000 0.000000 0.000000 0.000000 0.000000 0.000000 12676.360410 
52 26415.599568 21.001213 1.374000 0.000000 0.294118 0.000000 0.000000 0.000000 0.000000 0.000000 0.000000 0.000000 0.000000 0.000000 0.000000 0.000000 0.000000 2330818.013341 
50 26415.599568 22.875490 1.333000 0.000000 0.474351 0.000000 0.000000 0.000000 0.000000 0.000000 0.000000 0.000000 0.000000 0.000000 0.000000 0.000000 0.000000 2537839.150613 
108 0.000000 0.000000 0.000000 0.000000 0.000000 0.000000 0.000000 0.000000 0.000000 0.000000 0.000000 0.000000 0.000000 0.000000 0.000000 0.000000 0.000000 37.852659 
107 0.000000 0.000000 0.000000 0.000000 0.000000 0.000000 0.000000 0.000000 0.000000 0.000000 0.000000 0.000000 0.000000 0.000000 0.000000 0.000000 0.000000 2.197741 
11 610.571506 341.175429 1.043450 1.000000 126.764913 0.012528 0.062682 0.000000 0.000000 0.057089 0.000000 0.000000 0.000000 0.000000 0.733419 0.134282 0.000000 224532.590526 
2006 0.000000 0.000000 0.000000 0.000000 0.000000 0.000000 0.000000 0.000000 0.000000 0.000000 0.000000 0.000000 0.000000 0.000000 0.000000 0.000000 0.000000 122406.380043 
40 63.492939 331.171495 130.526316 1.000000 1098.384525 0.000000 0.000000 0.000000 0.000000 0.000000 0.000000 0.000000 0.000000 0.000000 0.000000 0.000000 0.000000 168995.520553 
7 260.840810 447.880812 1.050050 1.000000 195.810780 0.012528 0.062682 0.000000 0.000000 0.057089 0.000000 0.000000 0.000000 0.000000 0.733419 0.134282 0.000000 127403.955398 
19 92.014296 32.892371 3.727618 0.000000 2.502196 0.000000 0.000000 0.000000 0.000000 0.000000 0.000000 0.000000 0.000000 0.000000 0.000000 0.000000 0.000000 12713.456026 
44 92.014295 32.875490 0.050000 0.928551 133.544754 0.000000 0.000000 0.000000 0.000000 0.000000 0.000000 0.000000 0.000000 0.000000 0.000000 0.000000 0.000000 219697.497680 
10 610.571506 448.721943 1.050050 1.000000 196.389706 0.012528 0.062682 0.000000 0.000000 0.057089 0.000000 0.000000 0.000000 0.000000 0.733419 0.134282 0.000000 298813.441690 
39 63.492940 325.171495 130.526316 0.000000 486.354254 0.000000 0.000000 0.000000 0.000000 0.000000 0.000000 0.000000 0.000000 0.000000 0.000000 0.000000 0.000000 94708.507327 
41 63.492939 561.007914 124.000000 1.000000 1585.496146 0.000000 0.000000 0.000000 0.000000 0.000000 0.000000 0.000000 0.000000 0.000000 0.000000 0.000000 0.000000 222610.760834 
42 63.492937 313.495597 23.157895 1.000000 1105.408585 0.000000 0.000000 0.000000 0.000000 0.000000 0.000000 0.000000 0.000000 0.000000 0.000000 0.000000 0.000000 193461.373085 
29 70.477539 561.007914 22.000000 1.000000 1425.864712 0.000000 0.000000 0.000000 0.000000 0.000000 0.000000 0.000000 0.000000 0.000000 0.000000 0.000000 0.000000 253832.909552 
101 0.000000 0.000000 0.000000 0.000000 0.000000 0.000000 0.000000 0.000000 0.000000 0.000000 0.000000 0.000000 0.000000 0.000000 0.000000 0.000000 0.000000 63657.302756 
14 610.571506 237.618962 1.037147 1.000000 70.680405 0.012528 0.062682 0.000000 0.000000 0.057089 0.000000 0.000000 0.000000 0.000000 0.733419 0.134282 0.000000 154789.394003 
12 610.571506 257.799293 1.038350 1.000000 80.627346 0.012528 0.062682 0.000000 0.000000 0.057089 0.000000 0.000000 0.000000 0.000000 0.733419 0.134282 0.000000 168250.869679 
13 610.571506 257.237565 1.038347 1.000000 80.346027 0.012528 0.062682 0.000000 0.000000 0.057089 0.000000 0.000000 0.000000 0.000000 0.733419 0.134282 0.000000 167875.345888 
17 610.571506 156.373178 1.032147 1.000000 36.398019 0.012528 0.062682 0.000000 0.000000 0.057089 0.000000 0.000000 0.000000 0.000000 0.733419 0.134282 0.000000 101168.996217 
16 610.571506 229.286555 1.036647 1.000000 66.726573 0.012528 0.062682 0.000000 0.000000 0.057089 0.000000 0.000000 0.000000 0.000000 0.733419 0.134282 0.000000 149248.553900 
20 92.014296 135.615000 3.615789 0.000000 84.012368 0.000000 0.000000 0.000000 0.000000 0.000000 0.000000 0.000000 0.000000 0.000000 0.000000 0.000000 0.000000 52487.499086 
15 610.571506 234.097397 1.036947 1.000000 68.999090 0.012528 0.062682 0.000000 0.000000 0.057089 0.000000 0.000000 0.000000 0.000000 0.733419 0.134282 0.000000 152446.420410 
18 610.571506 95.300864 1.028347 1.000000 18.075978 0.012528 0.062682 0.000000 0.000000 0.057089 0.000000 0.000000 0.000000 0.000000 0.733419 0.134282 0.000000 61394.953018 
27 6.984602 237.799291 23.157895 1.000000 1014.845144 0.000000 0.000000 0.000000 0.000000 0.000000 0.000000 0.000000 0.000000 0.000000 0.000000 0.000000 0.000000 19944.549983 
28 70.477539 305.434337 23.157895 1.000000 1095.818953 0.000000 0.000000 0.000000 0.000000 0.000000 0.000000 0.000000 0.000000 0.000000 0.000000 0.000000 0.000000 213405.923068 
31 21.536752 214.097396 4.100000 1.000000 810.683599 0.000000 0.000000 0.000000 0.000000 0.000000 0.000000 0.000000 0.000000 0.000000 0.000000 0.000000 0.000000 62240.886156 
43 92.014297 293.264327 4.100000 1.000000 884.370455 0.000000 0.000000 0.000000 0.000000 0.000000 0.000000 0.000000 0.000000 0.000000 0.000000 0.000000 0.000000 280922.890168 
32 21.536752 146.372345 4.315789 1.000000 763.517651 0.000000 0.000000 0.000000 0.000000 0.000000 0.000000 0.000000 0.000000 0.000000 0.000000 0.000000 0.000000 59043.019647 
33 0.803971 146.372345 4.315789 1.000000 763.517651 0.000000 0.000000 0.000000 0.000000 0.000000 0.000000 0.000000 0.000000 0.000000 0.000000 0.000000 0.000000 2204.086191 
21 92.818267 140.007625 3.615789 0.000000 89.632038 0.000000 0.000000 0.000000 0.000000 0.000000 0.000000 0.000000 0.000000 0.000000 0.000000 0.000000 0.000000 54691.584688 
22 70.477543 140.007625 3.615789 0.000000 89.632038 0.000000 0.000000 0.000000 0.000000 0.000000 0.000000 0.000000 0.000000 0.000000 0.000000 0.000000 0.000000 41527.693086 
37 63.492940 140.007625 3.615789 0.000000 89.632038 0.000000 0.000000 0.000000 0.000000 0.000000 0.000000 0.000000 0.000000 0.000000 0.000000 0.000000 0.000000 37412.134581 
23 6.984603 140.007625 3.615789 0.000000 89.632038 0.000000 0.000000 0.000000 0.000000 0.000000 0.000000 0.000000 0.000000 0.000000 0.000000 0.000000 0.000000 4115.558506 
24 6.984603 140.485104 25.130651 0.000000 92.292833 0.000000 0.000000 0.000000 0.000000 0.000000 0.000000 0.000000 0.000000 0.000000 0.000000 0.000000 0.000000 4139.584376 
38 63.492940 141.751599 134.563212 0.000000 104.302260 0.000000 0.000000 0.000000 0.000000 0.000000 0.000000 0.000000 0.000000 0.000000 0.000000 0.000000 0.000000 38426.786529 
36 22.340723 146.372345 4.315789 1.000000 763.517651 0.000000 0.000000 0.000000 0.000000 0.000000 0.000000 0.000000 0.000000 0.000000 0.000000 0.000000 0.000000 61247.105838 
25 6.984603 216.617630 24.376731 0.000000 213.392379 0.000000 0.000000 0.000000 0.000000 0.000000 0.000000 0.000000 0.000000 0.000000 0.000000 0.000000 0.000000 6482.558110 
26 6.984602 222.617630 24.376731 1.000000 997.925687 0.000000 0.000000 0.000000 0.000000 0.000000 0.000000 0.000000 0.000000 0.000000 0.000000 0.000000 0.000000 19569.026193 
34 22.340724 140.007625 3.615789 0.000000 89.632038 0.000000 0.000000 0.000000 0.000000 0.000000 0.000000 0.000000 0.000000 0.000000 0.000000 0.000000 0.000000 13163.891601 
