data{1} = [
2 32.922006 70.000000 17.000000 0.000000 228.864514 0.012900 0.000500 0.000000 0.000000 0.000000 0.000000 0.000000 0.000000 0.000000 0.755200 0.231400 0.000000 2318.458177 
8 1.000000 25.000000 17.000000 0.000000 401.631597 0.000000 0.000000 0.000000 0.000000 0.000000 0.000000 1.000000 0.000000 0.000000 0.000000 0.000000 0.000000 54.777775 
3 26.707274 70.000000 17.000000 0.000000 228.864514 0.012900 0.000500 0.000000 0.000000 0.000000 0.000000 0.000000 0.000000 0.000000 0.755200 0.231400 0.000000 1880.799677 
5 27.707274 1495.929075 16.490000 0.000000 1496.372155 0.012434 0.099492 0.000000 0.000000 0.081059 0.000000 0.000000 0.000000 0.000000 0.727944 0.079071 0.000000 51431.067128 
4 6.214732 70.000000 17.000000 0.000000 228.864514 0.012900 0.000500 0.000000 0.000000 0.000000 0.000000 0.000000 0.000000 0.000000 0.755200 0.231400 0.000000 437.658500 
6 6.214732 70.000000 16.490000 0.000000 226.476282 0.012900 0.000500 0.000000 0.000000 0.000000 0.000000 0.000000 0.000000 0.000000 0.755200 0.231400 0.000000 437.658500 
7 33.922006 1274.389853 16.490000 0.000000 1220.453534 0.012520 0.081356 0.000000 0.000000 0.066208 0.000000 0.000000 0.000000 0.000000 0.732937 0.106978 0.000000 51868.725628 
1 1.000000 15.000000 1.013000 0.000000 0.399368 0.012900 0.000500 0.000000 0.000000 0.000000 0.000000 0.000000 0.000000 0.000000 0.755200 0.231400 0.000000 15.074516 
];
