data{1} = [
100 0.000000 0.000000 0.000000 0.000000 0.000000 0.000000 0.000000 0.000000 0.000000 0.000000 0.000000 0.000000 0.000000 0.000000 0.000000 0.000000 0.000000 29619.603974 
102 0.000000 0.000000 0.000000 0.000000 0.000000 0.000000 0.000000 0.000000 0.000000 0.000000 0.000000 0.000000 0.000000 0.000000 0.000000 0.000000 0.000000 127652.103626 
420 0.000001 32.875490 0.050000 0.928432 133.527874 0.000000 0.000000 0.000000 0.000000 0.000000 0.000000 0.000000 0.000000 0.000000 0.000000 0.000000 0.000000 0.002387 
30 72.433796 317.230477 4.100000 1.000000 909.071062 0.000000 0.000000 0.000000 0.000000 0.000000 0.000000 0.000000 0.000000 0.000000 0.000000 0.000000 0.000000 224708.879390 
45 94.579789 32.875490 0.050000 0.000000 2.130551 0.000000 0.000000 0.000000 0.000000 0.000000 0.000000 0.000000 0.000000 0.000000 0.000000 0.000000 0.000000 13029.795909 
52 27148.617413 21.001213 1.374000 0.000000 0.294118 0.000000 0.000000 0.000000 0.000000 0.000000 0.000000 0.000000 0.000000 0.000000 0.000000 0.000000 0.000000 2395496.885511 
50 27148.617413 22.875490 1.333000 0.000000 0.474351 0.000000 0.000000 0.000000 0.000000 0.000000 0.000000 0.000000 0.000000 0.000000 0.000000 0.000000 0.000000 2608262.741796 
108 0.000000 0.000000 0.000000 0.000000 0.000000 0.000000 0.000000 0.000000 0.000000 0.000000 0.000000 0.000000 0.000000 0.000000 0.000000 0.000000 0.000000 38.908034 
107 0.000000 0.000000 0.000000 0.000000 0.000000 0.000000 0.000000 0.000000 0.000000 0.000000 0.000000 0.000000 0.000000 0.000000 0.000000 0.000000 0.000000 2.259878 
11 628.499865 341.175430 1.043450 0.000000 126.462262 0.012533 0.061594 0.000000 0.000000 0.056196 0.000000 0.000000 0.000000 0.000000 0.733720 0.135957 0.000000 230942.518206 
2006 0.000000 0.000000 0.000000 0.000000 0.000000 0.000000 0.000000 0.000000 0.000000 0.000000 0.000000 0.000000 0.000000 0.000000 0.000000 0.000000 0.000000 125737.322072 
40 65.208974 331.171495 130.526316 1.000000 1098.384525 0.000000 0.000000 0.000000 0.000000 0.000000 0.000000 0.000000 0.000000 0.000000 0.000000 0.000000 0.000000 173562.994760 
7 268.499942 447.610429 1.050050 0.000000 195.261188 0.012533 0.061594 0.000000 0.000000 0.056196 0.000000 0.000000 0.000000 0.000000 0.733720 0.135957 0.000000 130954.802221 
19 94.579789 32.892371 3.727618 0.000000 2.502196 0.000000 0.000000 0.000000 0.000000 0.000000 0.000000 0.000000 0.000000 0.000000 0.000000 0.000000 0.000000 13067.925798 
44 94.579788 32.875490 0.050000 0.928432 133.527874 0.000000 0.000000 0.000000 0.000000 0.000000 0.000000 0.000000 0.000000 0.000000 0.000000 0.000000 0.000000 225795.652192 
10 628.499865 448.575329 1.050050 0.000000 195.924538 0.012533 0.061594 0.000000 0.000000 0.056196 0.000000 0.000000 0.000000 0.000000 0.733720 0.135957 0.000000 307230.961465 
39 65.208975 325.171497 130.526316 0.000000 486.354246 0.000000 0.000000 0.000000 0.000000 0.000000 0.000000 0.000000 0.000000 0.000000 0.000000 0.000000 0.000000 97268.212201 
41 65.208974 560.632107 124.000000 1.000000 1584.865800 0.000000 0.000000 0.000000 0.000000 0.000000 0.000000 0.000000 0.000000 0.000000 0.000000 0.000000 0.000000 228564.088298 
42 65.208972 313.202287 23.157895 1.000000 1105.054421 0.000000 0.000000 0.000000 0.000000 0.000000 0.000000 0.000000 0.000000 0.000000 0.000000 0.000000 0.000000 198645.290312 
29 72.433790 560.632107 22.000000 1.000000 1425.314718 0.000000 0.000000 0.000000 0.000000 0.000000 0.000000 0.000000 0.000000 0.000000 0.000000 0.000000 0.000000 260817.709419 
101 0.000000 0.000000 0.000000 0.000000 0.000000 0.000000 0.000000 0.000000 0.000000 0.000000 0.000000 0.000000 0.000000 0.000000 0.000000 0.000000 0.000000 65367.364136 
14 628.499865 237.618961 1.037147 0.000000 70.425423 0.012533 0.061594 0.000000 0.000000 0.056196 0.000000 0.000000 0.000000 0.000000 0.733720 0.135957 0.000000 159212.764676 
12 628.499865 257.918200 1.038350 0.000000 80.423576 0.012533 0.061594 0.000000 0.000000 0.056196 0.000000 0.000000 0.000000 0.000000 0.733720 0.135957 0.000000 173139.660541 
13 628.499865 257.349702 1.038347 0.000000 80.139028 0.012533 0.061594 0.000000 0.000000 0.056196 0.000000 0.000000 0.000000 0.000000 0.733720 0.135957 0.000000 172748.771203 
17 628.499865 156.373177 1.032147 0.000000 36.170791 0.012533 0.061594 0.000000 0.000000 0.056196 0.000000 0.000000 0.000000 0.000000 0.733720 0.135957 0.000000 104062.860292 
16 628.499865 229.268757 1.036647 0.000000 66.466607 0.012533 0.061594 0.000000 0.000000 0.056196 0.000000 0.000000 0.000000 0.000000 0.733720 0.135957 0.000000 153501.812066 
20 94.579789 135.615000 3.615789 0.000000 84.012367 0.000000 0.000000 0.000000 0.000000 0.000000 0.000000 0.000000 0.000000 0.000000 0.000000 0.000000 0.000000 53950.927456 
15 628.499865 234.077234 1.036947 0.000000 68.736022 0.012533 0.061594 0.000000 0.000000 0.056196 0.000000 0.000000 0.000000 0.000000 0.733720 0.135957 0.000000 156789.211192 
18 628.499865 95.341734 1.028347 0.000000 17.872263 0.012533 0.061594 0.000000 0.000000 0.056196 0.000000 0.000000 0.000000 0.000000 0.733720 0.135957 0.000000 63179.858426 
27 7.224818 237.918197 23.157895 1.000000 1014.995216 0.000000 0.000000 0.000000 0.000000 0.000000 0.000000 0.000000 0.000000 0.000000 0.000000 0.000000 0.000000 20632.936985 
28 72.433790 305.135580 23.157895 1.000000 1095.458625 0.000000 0.000000 0.000000 0.000000 0.000000 0.000000 0.000000 0.000000 0.000000 0.000000 0.000000 0.000000 219278.227296 
31 22.145994 214.077232 4.100000 1.000000 810.666759 0.000000 0.000000 0.000000 0.000000 0.000000 0.000000 0.000000 0.000000 0.000000 0.000000 0.000000 0.000000 64000.655853 
43 94.579790 293.027878 4.100000 1.000000 884.131563 0.000000 0.000000 0.000000 0.000000 0.000000 0.000000 0.000000 0.000000 0.000000 0.000000 0.000000 0.000000 288709.535241 
32 22.145994 146.372345 4.315789 1.000000 763.517651 0.000000 0.000000 0.000000 0.000000 0.000000 0.000000 0.000000 0.000000 0.000000 0.000000 0.000000 0.000000 60713.256726 
33 0.826387 146.372345 4.315789 1.000000 763.517651 0.000000 0.000000 0.000000 0.000000 0.000000 0.000000 0.000000 0.000000 0.000000 0.000000 0.000000 0.000000 2265.539322 
21 95.406176 140.007625 3.615789 0.000000 89.632038 0.000000 0.000000 0.000000 0.000000 0.000000 0.000000 0.000000 0.000000 0.000000 0.000000 0.000000 0.000000 56216.466189 
22 72.433794 140.007625 3.615789 0.000000 89.632038 0.000000 0.000000 0.000000 0.000000 0.000000 0.000000 0.000000 0.000000 0.000000 0.000000 0.000000 0.000000 42680.380981 
37 65.208975 140.007625 3.615789 0.000000 89.632038 0.000000 0.000000 0.000000 0.000000 0.000000 0.000000 0.000000 0.000000 0.000000 0.000000 0.000000 0.000000 38423.279471 
23 7.224819 140.007625 3.615789 0.000000 89.632038 0.000000 0.000000 0.000000 0.000000 0.000000 0.000000 0.000000 0.000000 0.000000 0.000000 0.000000 0.000000 4257.101511 
24 7.224819 140.485104 25.130651 0.000000 92.292832 0.000000 0.000000 0.000000 0.000000 0.000000 0.000000 0.000000 0.000000 0.000000 0.000000 0.000000 0.000000 4281.953682 
38 65.208975 141.751599 134.563212 0.000000 104.302260 0.000000 0.000000 0.000000 0.000000 0.000000 0.000000 0.000000 0.000000 0.000000 0.000000 0.000000 0.000000 39465.354611 
36 22.972381 146.372345 4.315789 1.000000 763.517651 0.000000 0.000000 0.000000 0.000000 0.000000 0.000000 0.000000 0.000000 0.000000 0.000000 0.000000 0.000000 62978.796048 
25 7.224819 216.617630 24.376731 0.000000 213.392378 0.000000 0.000000 0.000000 0.000000 0.000000 0.000000 0.000000 0.000000 0.000000 0.000000 0.000000 0.000000 6705.507378 
26 7.224818 222.617630 24.376731 1.000000 997.925687 0.000000 0.000000 0.000000 0.000000 0.000000 0.000000 0.000000 0.000000 0.000000 0.000000 0.000000 0.000000 20242.047647 
34 22.972382 140.007625 3.615789 0.000000 89.632038 0.000000 0.000000 0.000000 0.000000 0.000000 0.000000 0.000000 0.000000 0.000000 0.000000 0.000000 0.000000 13536.085208 
