data{3} = [
2 33.928455 110.000000 17.000000 0.000000 238.846642 0.012900 0.000500 0.000000 0.000000 0.000000 0.000000 0.000000 0.000000 0.000000 0.755200 0.231400 0.000000 3759.964544 
8 1.000000 25.000000 17.000000 0.000000 401.631597 0.000000 0.000000 0.000000 0.000000 0.000000 0.000000 1.000000 0.000000 0.000000 0.000000 0.000000 0.000000 54.777775 
3 27.523734 110.000000 17.000000 0.000000 238.846642 0.012900 0.000500 0.000000 0.000000 0.000000 0.000000 0.000000 0.000000 0.000000 0.755200 0.231400 0.000000 3050.190928 
5 28.523734 1490.223037 16.490000 0.000000 1485.366412 0.012448 0.096659 0.000000 0.000000 0.078739 0.000000 0.000000 0.000000 0.000000 0.728724 0.083431 0.000000 52588.771554 
4 6.404720 110.000000 17.000000 0.000000 238.846642 0.012900 0.000500 0.000000 0.000000 0.000000 0.000000 0.000000 0.000000 0.000000 0.755200 0.231400 0.000000 709.773616 
6 6.404720 110.000000 16.490000 0.000000 236.458410 0.012900 0.000500 0.000000 0.000000 0.000000 0.000000 0.000000 0.000000 0.000000 0.755200 0.231400 0.000000 709.773616 
7 34.928455 1274.390059 16.490000 0.000000 1217.528222 0.012531 0.079026 0.000000 0.000000 0.064301 0.000000 0.000000 0.000000 0.000000 0.733579 0.110564 0.000000 53298.545170 
1 1.000000 15.000000 1.013000 0.000000 0.399368 0.012900 0.000500 0.000000 0.000000 0.000000 0.000000 0.000000 0.000000 0.000000 0.755200 0.231400 0.000000 15.074516 
];

