data{1} = [
100 0.000000 0.000000 0.000000 0.000000 0.000000 0.000000 0.000000 0.000000 0.000000 0.000000 0.000000 0.000000 0.000000 0.000000 0.000000 0.000000 0.000000 29533.966834 
102 0.000000 0.000000 0.000000 0.000000 0.000000 0.000000 0.000000 0.000000 0.000000 0.000000 0.000000 0.000000 0.000000 0.000000 0.000000 0.000000 0.000000 127504.916877 
420 0.000001 32.875490 0.050000 0.928172 133.491044 0.000000 0.000000 0.000000 0.000000 0.000000 0.000000 0.000000 0.000000 0.000000 0.000000 0.000000 0.000000 0.002387 
30 72.434068 316.599408 4.100000 1.000000 908.407141 0.000000 0.000000 0.000000 0.000000 0.000000 0.000000 0.000000 0.000000 0.000000 0.000000 0.000000 0.000000 224615.719402 
45 94.605200 32.875490 0.050000 0.000000 2.130551 0.000000 0.000000 0.000000 0.000000 0.000000 0.000000 0.000000 0.000000 0.000000 0.000000 0.000000 0.000000 13033.296645 
52 27148.299988 21.001213 1.374000 0.000000 0.294118 0.000000 0.000000 0.000000 0.000000 0.000000 0.000000 0.000000 0.000000 0.000000 0.000000 0.000000 0.000000 2395468.877400 
50 27148.299988 22.875490 1.333000 0.000000 0.474351 0.000000 0.000000 0.000000 0.000000 0.000000 0.000000 0.000000 0.000000 0.000000 0.000000 0.000000 0.000000 2608232.245628 
108 0.000000 0.000000 0.000000 0.000000 0.000000 0.000000 0.000000 0.000000 0.000000 0.000000 0.000000 0.000000 0.000000 0.000000 0.000000 0.000000 0.000000 38.918494 
107 0.000000 0.000000 0.000000 0.000000 0.000000 0.000000 0.000000 0.000000 0.000000 0.000000 0.000000 0.000000 0.000000 0.000000 0.000000 0.000000 0.000000 2.262377 
11 630.644503 341.175426 1.043450 1.000000 125.812538 0.012544 0.059214 0.000000 0.000000 0.054257 0.000000 0.000000 0.000000 0.000000 0.734368 0.139617 0.000000 231331.944242 
2006 0.000000 0.000000 0.000000 0.000000 0.000000 0.000000 0.000000 0.000000 0.000000 0.000000 0.000000 0.000000 0.000000 0.000000 0.000000 0.000000 0.000000 125592.343124 
40 65.107905 331.171495 130.526316 1.000000 1098.384525 0.000000 0.000000 0.000000 0.000000 0.000000 0.000000 0.000000 0.000000 0.000000 0.000000 0.000000 0.000000 173293.985243 
7 269.416148 447.021554 1.050050 1.000000 194.075435 0.012544 0.059214 0.000000 0.000000 0.054257 0.000000 0.000000 0.000000 0.000000 0.734368 0.139617 0.000000 130987.489947 
19 94.605200 32.892371 3.727618 0.000000 2.502196 0.000000 0.000000 0.000000 0.000000 0.000000 0.000000 0.000000 0.000000 0.000000 0.000000 0.000000 0.000000 13071.436786 
44 94.605199 32.875490 0.050000 0.928172 133.491044 0.000000 0.000000 0.000000 0.000000 0.000000 0.000000 0.000000 0.000000 0.000000 0.000000 0.000000 0.000000 225796.664871 
10 630.644503 448.255374 1.050050 1.000000 194.921545 0.012544 0.059214 0.000000 0.000000 0.054257 0.000000 0.000000 0.000000 0.000000 0.734368 0.139617 0.000000 307502.158524 
39 65.107906 325.171495 130.526316 0.000000 486.354254 0.000000 0.000000 0.000000 0.000000 0.000000 0.000000 0.000000 0.000000 0.000000 0.000000 0.000000 0.000000 97117.453830 
41 65.107905 559.812293 124.000000 1.000000 1583.477588 0.000000 0.000000 0.000000 0.000000 0.000000 0.000000 0.000000 0.000000 0.000000 0.000000 0.000000 0.000000 228072.090115 
42 65.107903 312.562597 23.157895 1.000000 1104.297157 0.000000 0.000000 0.000000 0.000000 0.000000 0.000000 0.000000 0.000000 0.000000 0.000000 0.000000 0.000000 198239.794294 
29 72.434062 559.812293 22.000000 1.000000 1424.115701 0.000000 0.000000 0.000000 0.000000 0.000000 0.000000 0.000000 0.000000 0.000000 0.000000 0.000000 0.000000 260685.932950 
101 0.000000 0.000000 0.000000 0.000000 0.000000 0.000000 0.000000 0.000000 0.000000 0.000000 0.000000 0.000000 0.000000 0.000000 0.000000 0.000000 0.000000 65243.496671 
14 630.644503 237.618961 1.037147 1.000000 69.879180 0.012544 0.059214 0.000000 0.000000 0.054257 0.000000 0.000000 0.000000 0.000000 0.734368 0.139617 0.000000 159491.013906 
12 630.644503 258.177649 1.038350 1.000000 79.988881 0.012544 0.059214 0.000000 0.000000 0.054257 0.000000 0.000000 0.000000 0.000000 0.734368 0.139617 0.000000 173618.676629 
13 630.644503 257.594252 1.038347 1.000000 79.697236 0.012544 0.059214 0.000000 0.000000 0.054257 0.000000 0.000000 0.000000 0.000000 0.734368 0.139617 0.000000 173216.888060 
17 630.644503 156.373177 1.032147 1.000000 35.684780 0.012544 0.059214 0.000000 0.000000 0.054257 0.000000 0.000000 0.000000 0.000000 0.734368 0.139617 0.000000 104250.835352 
16 630.644503 229.229941 1.036647 1.000000 65.909509 0.012544 0.059214 0.000000 0.000000 0.054257 0.000000 0.000000 0.000000 0.000000 0.734368 0.139617 0.000000 153744.365686 
20 94.605200 135.615000 3.615789 0.000000 84.012368 0.000000 0.000000 0.000000 0.000000 0.000000 0.000000 0.000000 0.000000 0.000000 0.000000 0.000000 0.000000 53965.422538 
15 630.644503 234.033261 1.036947 1.000000 68.172186 0.012544 0.059214 0.000000 0.000000 0.054257 0.000000 0.000000 0.000000 0.000000 0.734368 0.139617 0.000000 157033.465616 
18 630.644503 95.430938 1.028347 1.000000 17.437352 0.012544 0.059214 0.000000 0.000000 0.054257 0.000000 0.000000 0.000000 0.000000 0.734368 0.139617 0.000000 63356.849373 
27 7.326159 238.177646 23.157895 1.000000 1015.315571 0.000000 0.000000 0.000000 0.000000 0.000000 0.000000 0.000000 0.000000 0.000000 0.000000 0.000000 0.000000 20927.768428 
28 72.434062 304.485762 23.157895 1.000000 1094.692301 0.000000 0.000000 0.000000 0.000000 0.000000 0.000000 0.000000 0.000000 0.000000 0.000000 0.000000 0.000000 219167.562722 
31 22.171133 214.033259 4.100000 1.000000 810.629011 0.000000 0.000000 0.000000 0.000000 0.000000 0.000000 0.000000 0.000000 0.000000 0.000000 0.000000 0.000000 64071.273684 
43 94.605201 292.512260 4.100000 1.000000 883.612738 0.000000 0.000000 0.000000 0.000000 0.000000 0.000000 0.000000 0.000000 0.000000 0.000000 0.000000 0.000000 288686.993085 
32 22.171133 146.372345 4.315789 1.000000 763.517651 0.000000 0.000000 0.000000 0.000000 0.000000 0.000000 0.000000 0.000000 0.000000 0.000000 0.000000 0.000000 60782.173754 
33 0.826609 146.372345 4.315789 1.000000 763.517651 0.000000 0.000000 0.000000 0.000000 0.000000 0.000000 0.000000 0.000000 0.000000 0.000000 0.000000 0.000000 2266.148008 
21 95.431809 140.007625 3.615789 0.000000 89.632038 0.000000 0.000000 0.000000 0.000000 0.000000 0.000000 0.000000 0.000000 0.000000 0.000000 0.000000 0.000000 56231.569957 
22 72.434066 140.007625 3.615789 0.000000 89.632038 0.000000 0.000000 0.000000 0.000000 0.000000 0.000000 0.000000 0.000000 0.000000 0.000000 0.000000 0.000000 42680.541530 
37 65.107906 140.007625 3.615789 0.000000 89.632038 0.000000 0.000000 0.000000 0.000000 0.000000 0.000000 0.000000 0.000000 0.000000 0.000000 0.000000 0.000000 38363.726294 
23 7.326160 140.007625 3.615789 0.000000 89.632038 0.000000 0.000000 0.000000 0.000000 0.000000 0.000000 0.000000 0.000000 0.000000 0.000000 0.000000 0.000000 4316.815236 
24 7.326160 140.485104 25.130651 0.000000 92.292833 0.000000 0.000000 0.000000 0.000000 0.000000 0.000000 0.000000 0.000000 0.000000 0.000000 0.000000 0.000000 4342.016006 
38 65.107906 141.751599 134.563212 0.000000 104.302260 0.000000 0.000000 0.000000 0.000000 0.000000 0.000000 0.000000 0.000000 0.000000 0.000000 0.000000 0.000000 39404.186297 
36 22.997741 146.372345 4.315789 1.000000 763.517651 0.000000 0.000000 0.000000 0.000000 0.000000 0.000000 0.000000 0.000000 0.000000 0.000000 0.000000 0.000000 63048.321762 
25 7.326160 216.617630 24.376731 0.000000 213.392379 0.000000 0.000000 0.000000 0.000000 0.000000 0.000000 0.000000 0.000000 0.000000 0.000000 0.000000 0.000000 6799.564526 
26 7.326159 222.617630 24.376731 1.000000 997.925687 0.000000 0.000000 0.000000 0.000000 0.000000 0.000000 0.000000 0.000000 0.000000 0.000000 0.000000 0.000000 20525.979858 
34 22.997742 140.007625 3.615789 0.000000 89.632038 0.000000 0.000000 0.000000 0.000000 0.000000 0.000000 0.000000 0.000000 0.000000 0.000000 0.000000 0.000000 13551.028427 
