data{1} = [
100 0.000000 0.000000 0.000000 0.000000 0.000000 0.000000 0.000000 0.000000 0.000000 0.000000 0.000000 0.000000 0.000000 0.000000 0.000000 0.000000 0.000000 31197.612026 
102 0.000000 0.000000 0.000000 0.000000 0.000000 0.000000 0.000000 0.000000 0.000000 0.000000 0.000000 0.000000 0.000000 0.000000 0.000000 0.000000 0.000000 129583.992013 
420 0.000001 32.875490 0.050000 0.934484 134.384300 0.000000 0.000000 0.000000 0.000000 0.000000 0.000000 0.000000 0.000000 0.000000 0.000000 0.000000 0.000000 0.002402 
30 71.580347 332.067793 4.100000 1.000000 924.891697 0.000000 0.000000 0.000000 0.000000 0.000000 0.000000 0.000000 0.000000 0.000000 0.000000 0.000000 0.000000 224247.616139 
45 92.985851 32.875490 0.050000 0.000000 2.130551 0.000000 0.000000 0.000000 0.000000 0.000000 0.000000 0.000000 0.000000 0.000000 0.000000 0.000000 0.000000 12810.206896 
52 26865.054288 21.001213 1.374000 0.000000 0.294118 0.000000 0.000000 0.000000 0.000000 0.000000 0.000000 0.000000 0.000000 0.000000 0.000000 0.000000 0.000000 2370476.289723 
50 26865.054288 22.875490 1.333000 0.000000 0.474351 0.000000 0.000000 0.000000 0.000000 0.000000 0.000000 0.000000 0.000000 0.000000 0.000000 0.000000 0.000000 2581019.839821 
108 0.000000 0.000000 0.000000 0.000000 0.000000 0.000000 0.000000 0.000000 0.000000 0.000000 0.000000 0.000000 0.000000 0.000000 0.000000 0.000000 0.000000 38.252322 
107 0.000000 0.000000 0.000000 0.000000 0.000000 0.000000 0.000000 0.000000 0.000000 0.000000 0.000000 0.000000 0.000000 0.000000 0.000000 0.000000 0.000000 2.185665 
11 600.667418 341.175428 1.043450 0.000000 126.462261 0.012533 0.061594 0.000000 0.000000 0.056196 0.000000 0.000000 0.000000 0.000000 0.733720 0.135957 0.000000 220715.474021 
2006 0.000000 0.000000 0.000000 0.000000 0.000000 0.000000 0.000000 0.000000 0.000000 0.000000 0.000000 0.000000 0.000000 0.000000 0.000000 0.000000 0.000000 127640.232134 
40 66.599563 331.171495 130.526316 1.000000 1098.384525 0.000000 0.000000 0.000000 0.000000 0.000000 0.000000 0.000000 0.000000 0.000000 0.000000 0.000000 0.000000 177264.245337 
7 256.609708 461.433824 1.050050 0.000000 204.835107 0.012533 0.061594 0.000000 0.000000 0.056196 0.000000 0.000000 0.000000 0.000000 0.733720 0.135957 0.000000 129223.083033 
19 92.985851 32.892371 3.727618 0.000000 2.502196 0.000000 0.000000 0.000000 0.000000 0.000000 0.000000 0.000000 0.000000 0.000000 0.000000 0.000000 0.000000 12847.694188 
44 92.985850 32.875490 0.050000 0.934484 134.384300 0.000000 0.000000 0.000000 0.000000 0.000000 0.000000 0.000000 0.000000 0.000000 0.000000 0.000000 0.000000 223353.756992 
10 600.667418 455.846333 1.050050 0.000000 200.947076 0.012533 0.061594 0.000000 0.000000 0.056196 0.000000 0.000000 0.000000 0.000000 0.733720 0.135957 0.000000 298630.777465 
39 66.599564 325.171497 130.526316 0.000000 486.354246 0.000000 0.000000 0.000000 0.000000 0.000000 0.000000 0.000000 0.000000 0.000000 0.000000 0.000000 0.000000 99342.467842 
41 66.599563 579.870691 124.000000 1.000000 1617.363029 0.000000 0.000000 0.000000 0.000000 0.000000 0.000000 0.000000 0.000000 0.000000 0.000000 0.000000 0.000000 236725.825820 
42 66.599561 328.272187 23.157895 1.000000 1123.076366 0.000000 0.000000 0.000000 0.000000 0.000000 0.000000 0.000000 0.000000 0.000000 0.000000 0.000000 0.000000 205213.080236 
29 71.580341 579.870691 22.000000 1.000000 1453.684271 0.000000 0.000000 0.000000 0.000000 0.000000 0.000000 0.000000 0.000000 0.000000 0.000000 0.000000 0.000000 260829.233954 
101 0.000000 0.000000 0.000000 0.000000 0.000000 0.000000 0.000000 0.000000 0.000000 0.000000 0.000000 0.000000 0.000000 0.000000 0.000000 0.000000 0.000000 67413.432278 
14 600.667418 237.618962 1.037147 0.000000 70.425424 0.012533 0.061594 0.000000 0.000000 0.056196 0.000000 0.000000 0.000000 0.000000 0.733720 0.135957 0.000000 152162.197101 
12 600.667418 252.143737 1.038350 0.000000 77.554388 0.012533 0.061594 0.000000 0.000000 0.056196 0.000000 0.000000 0.000000 0.000000 0.733720 0.135957 0.000000 161679.963746 
13 600.667418 251.860240 1.038347 0.000000 77.414349 0.012533 0.061594 0.000000 0.000000 0.056196 0.000000 0.000000 0.000000 0.000000 0.733720 0.135957 0.000000 161493.902353 
17 600.667418 156.373177 1.032147 0.000000 36.170791 0.012533 0.061594 0.000000 0.000000 0.056196 0.000000 0.000000 0.000000 0.000000 0.733720 0.135957 0.000000 99454.547040 
16 600.667418 230.135023 1.036647 0.000000 66.868770 0.012533 0.061594 0.000000 0.000000 0.056196 0.000000 0.000000 0.000000 0.000000 0.733720 0.135957 0.000000 147269.918319 
20 92.985851 135.615000 3.615789 0.000000 84.012367 0.000000 0.000000 0.000000 0.000000 0.000000 0.000000 0.000000 0.000000 0.000000 0.000000 0.000000 0.000000 53041.701325 
15 600.667418 235.064437 1.036947 0.000000 69.200717 0.012533 0.061594 0.000000 0.000000 0.056196 0.000000 0.000000 0.000000 0.000000 0.733720 0.135957 0.000000 150491.402492 
18 600.667418 93.581169 1.028347 0.000000 17.468695 0.012533 0.061594 0.000000 0.000000 0.056196 0.000000 0.000000 0.000000 0.000000 0.733720 0.135957 0.000000 59260.539602 
27 4.980780 232.143733 23.157895 1.000000 1007.744204 0.000000 0.000000 0.000000 0.000000 0.000000 0.000000 0.000000 0.000000 0.000000 0.000000 0.000000 0.000000 14140.902566 
28 71.580341 320.987621 23.157895 1.000000 1114.347095 0.000000 0.000000 0.000000 0.000000 0.000000 0.000000 0.000000 0.000000 0.000000 0.000000 0.000000 0.000000 219353.982802 
31 21.405506 215.064435 4.100000 1.000000 811.507960 0.000000 0.000000 0.000000 0.000000 0.000000 0.000000 0.000000 0.000000 0.000000 0.000000 0.000000 0.000000 61904.690846 
43 92.985852 305.119400 4.100000 1.000000 896.455046 0.000000 0.000000 0.000000 0.000000 0.000000 0.000000 0.000000 0.000000 0.000000 0.000000 0.000000 0.000000 286152.306984 
32 21.405506 146.372345 4.315789 1.000000 763.517651 0.000000 0.000000 0.000000 0.000000 0.000000 0.000000 0.000000 0.000000 0.000000 0.000000 0.000000 0.000000 58683.206672 
33 0.812460 146.372345 4.315789 1.000000 763.517651 0.000000 0.000000 0.000000 0.000000 0.000000 0.000000 0.000000 0.000000 0.000000 0.000000 0.000000 0.000000 2227.358572 
21 93.798311 140.007625 3.615789 0.000000 89.632038 0.000000 0.000000 0.000000 0.000000 0.000000 0.000000 0.000000 0.000000 0.000000 0.000000 0.000000 0.000000 55269.059308 
22 71.580345 140.007625 3.615789 0.000000 89.632038 0.000000 0.000000 0.000000 0.000000 0.000000 0.000000 0.000000 0.000000 0.000000 0.000000 0.000000 0.000000 42177.500654 
37 66.599564 140.007625 3.615789 0.000000 89.632038 0.000000 0.000000 0.000000 0.000000 0.000000 0.000000 0.000000 0.000000 0.000000 0.000000 0.000000 0.000000 39242.660257 
23 4.980781 140.007625 3.615789 0.000000 89.632038 0.000000 0.000000 0.000000 0.000000 0.000000 0.000000 0.000000 0.000000 0.000000 0.000000 0.000000 0.000000 2934.840397 
24 4.980781 140.485104 25.130651 0.000000 92.292832 0.000000 0.000000 0.000000 0.000000 0.000000 0.000000 0.000000 0.000000 0.000000 0.000000 0.000000 0.000000 2951.973453 
38 66.599564 141.751599 134.563212 0.000000 104.302260 0.000000 0.000000 0.000000 0.000000 0.000000 0.000000 0.000000 0.000000 0.000000 0.000000 0.000000 0.000000 40306.957768 
36 22.217965 146.372345 4.315789 1.000000 763.517651 0.000000 0.000000 0.000000 0.000000 0.000000 0.000000 0.000000 0.000000 0.000000 0.000000 0.000000 0.000000 60910.565245 
25 4.980781 216.617630 24.376731 0.000000 213.392378 0.000000 0.000000 0.000000 0.000000 0.000000 0.000000 0.000000 0.000000 0.000000 0.000000 0.000000 0.000000 4622.768305 
26 4.980780 222.617630 24.376731 1.000000 997.925687 0.000000 0.000000 0.000000 0.000000 0.000000 0.000000 0.000000 0.000000 0.000000 0.000000 0.000000 0.000000 13954.841174 
34 22.217966 140.007625 3.615789 0.000000 89.632038 0.000000 0.000000 0.000000 0.000000 0.000000 0.000000 0.000000 0.000000 0.000000 0.000000 0.000000 0.000000 13091.558654 
