data{1} = [
100 0.000000 0.000000 0.000000 0.000000 0.000000 0.000000 0.000000 0.000000 0.000000 0.000000 0.000000 0.000000 0.000000 0.000000 0.000000 0.000000 0.000000 30863.579466 
102 0.000000 0.000000 0.000000 0.000000 0.000000 0.000000 0.000000 0.000000 0.000000 0.000000 0.000000 0.000000 0.000000 0.000000 0.000000 0.000000 0.000000 129174.075239 
420 0.000001 32.875490 0.050000 0.933181 134.199892 0.000000 0.000000 0.000000 0.000000 0.000000 0.000000 0.000000 0.000000 0.000000 0.000000 0.000000 0.000000 0.002399 
30 71.766328 328.860587 4.100000 1.000000 921.438319 0.000000 0.000000 0.000000 0.000000 0.000000 0.000000 0.000000 0.000000 0.000000 0.000000 0.000000 0.000000 224356.044411 
45 93.326635 32.875490 0.050000 0.000000 2.130551 0.000000 0.000000 0.000000 0.000000 0.000000 0.000000 0.000000 0.000000 0.000000 0.000000 0.000000 0.000000 12857.154945 
52 26925.915296 21.001213 1.374000 0.000000 0.294118 0.000000 0.000000 0.000000 0.000000 0.000000 0.000000 0.000000 0.000000 0.000000 0.000000 0.000000 0.000000 2375846.447392 
50 26925.915296 22.875490 1.333000 0.000000 0.474351 0.000000 0.000000 0.000000 0.000000 0.000000 0.000000 0.000000 0.000000 0.000000 0.000000 0.000000 0.000000 2586866.969927 
108 0.000000 0.000000 0.000000 0.000000 0.000000 0.000000 0.000000 0.000000 0.000000 0.000000 0.000000 0.000000 0.000000 0.000000 0.000000 0.000000 0.000000 38.392515 
107 0.000000 0.000000 0.000000 0.000000 0.000000 0.000000 0.000000 0.000000 0.000000 0.000000 0.000000 0.000000 0.000000 0.000000 0.000000 0.000000 0.000000 2.201185 
11 606.479830 341.175430 1.043450 0.000000 126.462262 0.012533 0.061594 0.000000 0.000000 0.056196 0.000000 0.000000 0.000000 0.000000 0.733720 0.135957 0.000000 222851.248152 
2006 0.000000 0.000000 0.000000 0.000000 0.000000 0.000000 0.000000 0.000000 0.000000 0.000000 0.000000 0.000000 0.000000 0.000000 0.000000 0.000000 0.000000 127236.464111 
40 66.318314 331.171495 130.526316 1.000000 1098.384525 0.000000 0.000000 0.000000 0.000000 0.000000 0.000000 0.000000 0.000000 0.000000 0.000000 0.000000 0.000000 176515.660824 
7 259.092815 458.398075 1.050050 0.000000 202.719650 0.012533 0.061594 0.000000 0.000000 0.056196 0.000000 0.000000 0.000000 0.000000 0.733720 0.135957 0.000000 129570.444445 
19 93.326635 32.892371 3.727618 0.000000 2.502196 0.000000 0.000000 0.000000 0.000000 0.000000 0.000000 0.000000 0.000000 0.000000 0.000000 0.000000 0.000000 12894.779624 
44 93.326634 32.875490 0.050000 0.933181 134.199892 0.000000 0.000000 0.000000 0.000000 0.000000 0.000000 0.000000 0.000000 0.000000 0.000000 0.000000 0.000000 223877.677478 
10 606.479830 454.289244 1.050050 0.000000 199.867965 0.012533 0.061594 0.000000 0.000000 0.056196 0.000000 0.000000 0.000000 0.000000 0.733720 0.135957 0.000000 300437.515410 
39 66.318315 325.171497 130.526316 0.000000 486.354246 0.000000 0.000000 0.000000 0.000000 0.000000 0.000000 0.000000 0.000000 0.000000 0.000000 0.000000 0.000000 98922.945949 
41 66.318314 575.717864 124.000000 1.000000 1610.344116 0.000000 0.000000 0.000000 0.000000 0.000000 0.000000 0.000000 0.000000 0.000000 0.000000 0.000000 0.000000 235022.325902 
42 66.318312 325.010285 23.157895 1.000000 1119.163104 0.000000 0.000000 0.000000 0.000000 0.000000 0.000000 0.000000 0.000000 0.000000 0.000000 0.000000 0.000000 203846.986960 
29 71.766322 575.717863 22.000000 1.000000 1447.523119 0.000000 0.000000 0.000000 0.000000 0.000000 0.000000 0.000000 0.000000 0.000000 0.000000 0.000000 0.000000 260838.373000 
101 0.000000 0.000000 0.000000 0.000000 0.000000 0.000000 0.000000 0.000000 0.000000 0.000000 0.000000 0.000000 0.000000 0.000000 0.000000 0.000000 0.000000 66981.103344 
14 606.479830 237.618962 1.037147 0.000000 70.425424 0.012533 0.061594 0.000000 0.000000 0.056196 0.000000 0.000000 0.000000 0.000000 0.733720 0.135957 0.000000 153634.608373 
12 606.479830 253.381824 1.038350 0.000000 78.166074 0.012533 0.061594 0.000000 0.000000 0.056196 0.000000 0.000000 0.000000 0.000000 0.733720 0.135957 0.000000 164065.044069 
13 606.479830 253.044856 1.038347 0.000000 77.999159 0.012533 0.061594 0.000000 0.000000 0.056196 0.000000 0.000000 0.000000 0.000000 0.733720 0.135957 0.000000 163841.688999 
17 606.479830 156.373178 1.032147 0.000000 36.170791 0.012533 0.061594 0.000000 0.000000 0.056196 0.000000 0.000000 0.000000 0.000000 0.733720 0.135957 0.000000 100416.928491 
16 606.479830 229.948315 1.036647 0.000000 66.782006 0.012533 0.061594 0.000000 0.000000 0.056196 0.000000 0.000000 0.000000 0.000000 0.733720 0.135957 0.000000 148571.857977 
20 93.326635 135.615000 3.615789 0.000000 84.012367 0.000000 0.000000 0.000000 0.000000 0.000000 0.000000 0.000000 0.000000 0.000000 0.000000 0.000000 0.000000 53236.093530 
15 606.479830 234.851520 1.036947 0.000000 69.100384 0.012533 0.061594 0.000000 0.000000 0.056196 0.000000 0.000000 0.000000 0.000000 0.733720 0.135957 0.000000 151807.082211 
18 606.479830 93.956909 1.028347 0.000000 17.554227 0.012533 0.061594 0.000000 0.000000 0.056196 0.000000 0.000000 0.000000 0.000000 0.733720 0.135957 0.000000 60075.614394 
27 5.448010 233.381821 23.157895 1.000000 1009.311706 0.000000 0.000000 0.000000 0.000000 0.000000 0.000000 0.000000 0.000000 0.000000 0.000000 0.000000 0.000000 15487.252375 
28 71.766322 317.455993 23.157895 1.000000 1110.127375 0.000000 0.000000 0.000000 0.000000 0.000000 0.000000 0.000000 0.000000 0.000000 0.000000 0.000000 0.000000 219334.239335 
31 21.560308 214.851519 4.100000 1.000000 811.326365 0.000000 0.000000 0.000000 0.000000 0.000000 0.000000 0.000000 0.000000 0.000000 0.000000 0.000000 0.000000 62342.821598 
43 93.326636 302.499505 4.100000 1.000000 893.761646 0.000000 0.000000 0.000000 0.000000 0.000000 0.000000 0.000000 0.000000 0.000000 0.000000 0.000000 0.000000 286698.866008 
32 21.560308 146.372345 4.315789 1.000000 763.517651 0.000000 0.000000 0.000000 0.000000 0.000000 0.000000 0.000000 0.000000 0.000000 0.000000 0.000000 0.000000 59107.597364 
33 0.815437 146.372345 4.315789 1.000000 763.517651 0.000000 0.000000 0.000000 0.000000 0.000000 0.000000 0.000000 0.000000 0.000000 0.000000 0.000000 0.000000 2235.521602 
21 94.142072 140.007625 3.615789 0.000000 89.632038 0.000000 0.000000 0.000000 0.000000 0.000000 0.000000 0.000000 0.000000 0.000000 0.000000 0.000000 0.000000 55471.614543 
22 71.766326 140.007625 3.615789 0.000000 89.632038 0.000000 0.000000 0.000000 0.000000 0.000000 0.000000 0.000000 0.000000 0.000000 0.000000 0.000000 0.000000 42287.086761 
37 66.318315 140.007625 3.615789 0.000000 89.632038 0.000000 0.000000 0.000000 0.000000 0.000000 0.000000 0.000000 0.000000 0.000000 0.000000 0.000000 0.000000 39076.939035 
23 5.448011 140.007625 3.615789 0.000000 89.632038 0.000000 0.000000 0.000000 0.000000 0.000000 0.000000 0.000000 0.000000 0.000000 0.000000 0.000000 0.000000 3210.147725 
24 5.448011 140.485104 25.130651 0.000000 92.292832 0.000000 0.000000 0.000000 0.000000 0.000000 0.000000 0.000000 0.000000 0.000000 0.000000 0.000000 0.000000 3228.887974 
38 66.318315 141.751599 134.563212 0.000000 104.302260 0.000000 0.000000 0.000000 0.000000 0.000000 0.000000 0.000000 0.000000 0.000000 0.000000 0.000000 0.000000 40136.742032 
36 22.375745 146.372345 4.315789 1.000000 763.517651 0.000000 0.000000 0.000000 0.000000 0.000000 0.000000 0.000000 0.000000 0.000000 0.000000 0.000000 0.000000 61343.118966 
25 5.448011 216.617630 24.376731 0.000000 213.392378 0.000000 0.000000 0.000000 0.000000 0.000000 0.000000 0.000000 0.000000 0.000000 0.000000 0.000000 0.000000 5056.414371 
26 5.448010 222.617630 24.376731 1.000000 997.925687 0.000000 0.000000 0.000000 0.000000 0.000000 0.000000 0.000000 0.000000 0.000000 0.000000 0.000000 0.000000 15263.897306 
34 22.375746 140.007625 3.615789 0.000000 89.632038 0.000000 0.000000 0.000000 0.000000 0.000000 0.000000 0.000000 0.000000 0.000000 0.000000 0.000000 0.000000 13184.527782 
