data{4} = [
2 34.456869 130.000000 17.000000 0.000000 245.029250 0.012900 0.000500 0.000000 0.000000 0.000000 0.000000 0.000000 0.000000 0.000000 0.755200 0.231400 0.000000 4516.800309 
8 1.000000 25.000000 17.000000 0.000000 401.631597 0.000000 0.000000 0.000000 0.000000 0.000000 0.000000 1.000000 0.000000 0.000000 0.000000 0.000000 0.000000 54.777775 
3 27.952399 130.000000 17.000000 0.000000 245.029250 0.012900 0.000500 0.000000 0.000000 0.000000 0.000000 0.000000 0.000000 0.000000 0.755200 0.231400 0.000000 3664.157777 
5 28.952399 1487.342177 16.490000 0.000000 1479.841711 0.012454 0.095235 0.000000 0.000000 0.077573 0.000000 0.000000 0.000000 0.000000 0.729116 0.085622 0.000000 53196.603755 
4 6.504470 130.000000 17.000000 0.000000 245.029250 0.012900 0.000500 0.000000 0.000000 0.000000 0.000000 0.000000 0.000000 0.000000 0.755200 0.231400 0.000000 852.642532 
6 6.504470 130.000000 16.490000 0.000000 242.641018 0.012900 0.000500 0.000000 0.000000 0.000000 0.000000 0.000000 0.000000 0.000000 0.755200 0.231400 0.000000 852.642532 
7 35.456869 1274.390280 16.490000 0.000000 1216.061813 0.012536 0.077856 0.000000 0.000000 0.063342 0.000000 0.000000 0.000000 0.000000 0.733901 0.112364 0.000000 54049.246287 
1 1.000000 15.000000 1.013000 0.000000 0.399368 0.012900 0.000500 0.000000 0.000000 0.000000 0.000000 0.000000 0.000000 0.000000 0.755200 0.231400 0.000000 15.074516 
];

