data{1} = [
100 0.000000 0.000000 0.000000 0.000000 0.000000 0.000000 0.000000 0.000000 0.000000 0.000000 0.000000 0.000000 0.000000 0.000000 0.000000 0.000000 0.000000 23431.726208 
102 0.000000 0.000000 0.000000 0.000000 0.000000 0.000000 0.000000 0.000000 0.000000 0.000000 0.000000 0.000000 0.000000 0.000000 0.000000 0.000000 0.000000 109816.659226 
420 0.000001 32.875490 0.050000 0.916897 131.895288 0.000000 0.000000 0.000000 0.000000 0.000000 0.000000 0.000000 0.000000 0.000000 0.000000 0.000000 0.000000 0.002359 
30 65.644210 289.338315 4.100000 1.000000 880.426111 0.000000 0.000000 0.000000 0.000000 0.000000 0.000000 0.000000 0.000000 0.000000 0.000000 0.000000 0.000000 199885.207704 
45 86.700036 32.875490 0.050000 0.000000 2.130551 0.000000 0.000000 0.000000 0.000000 0.000000 0.000000 0.000000 0.000000 0.000000 0.000000 0.000000 0.000000 11944.240780 
52 24577.563476 21.001213 1.374000 0.000000 0.294118 0.000000 0.000000 0.000000 0.000000 0.000000 0.000000 0.000000 0.000000 0.000000 0.000000 0.000000 0.000000 2168636.283165 
50 24577.563476 22.875490 1.333000 0.000000 0.474351 0.000000 0.000000 0.000000 0.000000 0.000000 0.000000 0.000000 0.000000 0.000000 0.000000 0.000000 0.000000 2361252.587166 
108 0.000000 0.000000 0.000000 0.000000 0.000000 0.000000 0.000000 0.000000 0.000000 0.000000 0.000000 0.000000 0.000000 0.000000 0.000000 0.000000 0.000000 35.666481 
107 0.000000 0.000000 0.000000 0.000000 0.000000 0.000000 0.000000 0.000000 0.000000 0.000000 0.000000 0.000000 0.000000 0.000000 0.000000 0.000000 0.000000 2.145857 
11 610.708983 341.175432 1.043450 0.000000 126.462263 0.012533 0.061594 0.000000 0.000000 0.056196 0.000000 0.000000 0.000000 0.000000 0.733720 0.135957 0.000000 224405.253520 
2006 0.000000 0.000000 0.000000 0.000000 0.000000 0.000000 0.000000 0.000000 0.000000 0.000000 0.000000 0.000000 0.000000 0.000000 0.000000 0.000000 0.000000 108169.409338 
40 54.909750 331.171495 130.526316 1.000000 1098.384525 0.000000 0.000000 0.000000 0.000000 0.000000 0.000000 0.000000 0.000000 0.000000 0.000000 0.000000 0.000000 146150.138526 
7 260.899542 423.170833 1.050050 0.000000 178.711922 0.012533 0.061594 0.000000 0.000000 0.056196 0.000000 0.000000 0.000000 0.000000 0.733720 0.135957 0.000000 119970.277100 
19 86.700036 32.892371 3.727618 0.000000 2.502196 0.000000 0.000000 0.000000 0.000000 0.000000 0.000000 0.000000 0.000000 0.000000 0.000000 0.000000 0.000000 11979.193943 
44 86.700035 32.875490 0.050000 0.916897 131.895288 0.000000 0.000000 0.000000 0.000000 0.000000 0.000000 0.000000 0.000000 0.000000 0.000000 0.000000 0.000000 204560.544780 
10 610.708983 434.408206 1.050050 0.000000 186.260452 0.012533 0.061594 0.000000 0.000000 0.056196 0.000000 0.000000 0.000000 0.000000 0.733720 0.135957 0.000000 288644.559639 
39 54.909751 325.171497 130.526316 0.000000 486.354246 0.000000 0.000000 0.000000 0.000000 0.000000 0.000000 0.000000 0.000000 0.000000 0.000000 0.000000 0.000000 81905.493437 
41 54.909750 524.270524 124.000000 1.000000 1523.414485 0.000000 0.000000 0.000000 0.000000 0.000000 0.000000 0.000000 0.000000 0.000000 0.000000 0.000000 0.000000 187245.826306 
42 54.909748 285.069402 23.157895 1.000000 1071.670991 0.000000 0.000000 0.000000 0.000000 0.000000 0.000000 0.000000 0.000000 0.000000 0.000000 0.000000 0.000000 163577.410037 
29 65.644204 524.270524 22.000000 1.000000 1372.910444 0.000000 0.000000 0.000000 0.000000 0.000000 0.000000 0.000000 0.000000 0.000000 0.000000 0.000000 0.000000 231050.180020 
101 0.000000 0.000000 0.000000 0.000000 0.000000 0.000000 0.000000 0.000000 0.000000 0.000000 0.000000 0.000000 0.000000 0.000000 0.000000 0.000000 0.000000 54285.066891 
14 610.708983 237.618961 1.037147 0.000000 70.425423 0.012533 0.061594 0.000000 0.000000 0.056196 0.000000 0.000000 0.000000 0.000000 0.733720 0.135957 0.000000 154705.945137 
12 610.708983 269.118825 1.038350 0.000000 86.105215 0.012533 0.061594 0.000000 0.000000 0.056196 0.000000 0.000000 0.000000 0.000000 0.733720 0.135957 0.000000 175731.884628 
13 610.708983 267.753425 1.038347 0.000000 85.404262 0.012533 0.061594 0.000000 0.000000 0.056196 0.000000 0.000000 0.000000 0.000000 0.733720 0.135957 0.000000 174817.410550 
17 610.708983 156.373179 1.032147 0.000000 36.170792 0.012533 0.061594 0.000000 0.000000 0.056196 0.000000 0.000000 0.000000 0.000000 0.733720 0.135957 0.000000 101117.164392 
16 610.708983 227.619506 1.036647 0.000000 65.703728 0.012533 0.061594 0.000000 0.000000 0.056196 0.000000 0.000000 0.000000 0.000000 0.733720 0.135957 0.000000 148061.791328 
20 86.700036 135.615000 3.615789 0.000000 84.012367 0.000000 0.000000 0.000000 0.000000 0.000000 0.000000 0.000000 0.000000 0.000000 0.000000 0.000000 0.000000 49456.098342 
15 610.708983 232.202353 1.036947 0.000000 67.857027 0.012533 0.061594 0.000000 0.000000 0.056196 0.000000 0.000000 0.000000 0.000000 0.733720 0.135957 0.000000 151105.088883 
18 610.708983 98.812727 1.028347 0.000000 18.688592 0.012533 0.061594 0.000000 0.000000 0.056196 0.000000 0.000000 0.000000 0.000000 0.733720 0.135957 0.000000 63640.260038 
27 10.734457 249.118823 23.157895 1.000000 1028.742397 0.000000 0.000000 0.000000 0.000000 0.000000 0.000000 0.000000 0.000000 0.000000 0.000000 0.000000 0.000000 30989.610907 
28 65.644204 278.957565 23.157895 1.000000 1064.427981 0.000000 0.000000 0.000000 0.000000 0.000000 0.000000 0.000000 0.000000 0.000000 0.000000 0.000000 0.000000 194567.020944 
31 21.055827 212.202352 4.100000 1.000000 809.074661 0.000000 0.000000 0.000000 0.000000 0.000000 0.000000 0.000000 0.000000 0.000000 0.000000 0.000000 0.000000 60767.859306 
43 86.700037 270.525542 4.100000 1.000000 861.937937 0.000000 0.000000 0.000000 0.000000 0.000000 0.000000 0.000000 0.000000 0.000000 0.000000 0.000000 0.000000 260653.067010 
32 21.055827 146.372345 4.315789 1.000000 763.517651 0.000000 0.000000 0.000000 0.000000 0.000000 0.000000 0.000000 0.000000 0.000000 0.000000 0.000000 0.000000 57724.561751 
33 0.757538 146.372345 4.315789 1.000000 763.517651 0.000000 0.000000 0.000000 0.000000 0.000000 0.000000 0.000000 0.000000 0.000000 0.000000 0.000000 0.000000 2076.789856 
21 87.457574 140.007625 3.615789 0.000000 89.632038 0.000000 0.000000 0.000000 0.000000 0.000000 0.000000 0.000000 0.000000 0.000000 0.000000 0.000000 0.000000 51532.887609 
22 65.644208 140.007625 3.615789 0.000000 89.632038 0.000000 0.000000 0.000000 0.000000 0.000000 0.000000 0.000000 0.000000 0.000000 0.000000 0.000000 0.000000 38679.733157 
37 54.909751 140.007625 3.615789 0.000000 89.632038 0.000000 0.000000 0.000000 0.000000 0.000000 0.000000 0.000000 0.000000 0.000000 0.000000 0.000000 0.000000 32354.636662 
23 10.734458 140.007625 3.615789 0.000000 89.632038 0.000000 0.000000 0.000000 0.000000 0.000000 0.000000 0.000000 0.000000 0.000000 0.000000 0.000000 0.000000 6325.096496 
24 10.734458 140.485104 25.130651 0.000000 92.292832 0.000000 0.000000 0.000000 0.000000 0.000000 0.000000 0.000000 0.000000 0.000000 0.000000 0.000000 0.000000 6362.021240 
38 54.909751 141.751599 134.563212 0.000000 104.302260 0.000000 0.000000 0.000000 0.000000 0.000000 0.000000 0.000000 0.000000 0.000000 0.000000 0.000000 0.000000 33232.124555 
36 21.813364 146.372345 4.315789 1.000000 763.517651 0.000000 0.000000 0.000000 0.000000 0.000000 0.000000 0.000000 0.000000 0.000000 0.000000 0.000000 0.000000 59801.351608 
25 10.734458 216.617630 24.376731 0.000000 213.392378 0.000000 0.000000 0.000000 0.000000 0.000000 0.000000 0.000000 0.000000 0.000000 0.000000 0.000000 0.000000 9962.877585 
26 10.734457 222.617630 24.376731 1.000000 997.925687 0.000000 0.000000 0.000000 0.000000 0.000000 0.000000 0.000000 0.000000 0.000000 0.000000 0.000000 0.000000 30075.136830 
34 21.813365 140.007625 3.615789 0.000000 89.632038 0.000000 0.000000 0.000000 0.000000 0.000000 0.000000 0.000000 0.000000 0.000000 0.000000 0.000000 0.000000 12853.154451 
