data{1} = [
100 0.000000 0.000000 0.000000 0.000000 0.000000 0.000000 0.000000 0.000000 0.000000 0.000000 0.000000 0.000000 0.000000 0.000000 0.000000 0.000000 0.000000 29551.986741 
102 0.000000 0.000000 0.000000 0.000000 0.000000 0.000000 0.000000 0.000000 0.000000 0.000000 0.000000 0.000000 0.000000 0.000000 0.000000 0.000000 0.000000 127535.873387 
420 0.000001 32.875490 0.050000 0.928227 133.498795 0.000000 0.000000 0.000000 0.000000 0.000000 0.000000 0.000000 0.000000 0.000000 0.000000 0.000000 0.000000 0.002387 
30 72.434007 316.732198 4.100000 1.000000 908.546808 0.000000 0.000000 0.000000 0.000000 0.000000 0.000000 0.000000 0.000000 0.000000 0.000000 0.000000 0.000000 224635.308102 
45 94.599840 32.875490 0.050000 0.000000 2.130551 0.000000 0.000000 0.000000 0.000000 0.000000 0.000000 0.000000 0.000000 0.000000 0.000000 0.000000 0.000000 13032.558165 
52 27148.363464 21.001213 1.374000 0.000000 0.294118 0.000000 0.000000 0.000000 0.000000 0.000000 0.000000 0.000000 0.000000 0.000000 0.000000 0.000000 0.000000 2395474.478299 
50 27148.363464 22.875490 1.333000 0.000000 0.474351 0.000000 0.000000 0.000000 0.000000 0.000000 0.000000 0.000000 0.000000 0.000000 0.000000 0.000000 0.000000 2608238.343998 
108 0.000000 0.000000 0.000000 0.000000 0.000000 0.000000 0.000000 0.000000 0.000000 0.000000 0.000000 0.000000 0.000000 0.000000 0.000000 0.000000 0.000000 38.916289 
107 0.000000 0.000000 0.000000 0.000000 0.000000 0.000000 0.000000 0.000000 0.000000 0.000000 0.000000 0.000000 0.000000 0.000000 0.000000 0.000000 0.000000 2.261850 
11 630.192853 341.175427 1.043450 1.000000 125.948138 0.012542 0.059712 0.000000 0.000000 0.054664 0.000000 0.000000 0.000000 0.000000 0.734231 0.138850 0.000000 231249.886116 
2006 0.000000 0.000000 0.000000 0.000000 0.000000 0.000000 0.000000 0.000000 0.000000 0.000000 0.000000 0.000000 0.000000 0.000000 0.000000 0.000000 0.000000 125622.835287 
40 65.129190 331.171495 130.526316 1.000000 1098.384525 0.000000 0.000000 0.000000 0.000000 0.000000 0.000000 0.000000 0.000000 0.000000 0.000000 0.000000 0.000000 173350.637248 
7 269.223200 447.145354 1.050050 1.000000 194.323524 0.012542 0.059712 0.000000 0.000000 0.054664 0.000000 0.000000 0.000000 0.000000 0.734231 0.138850 0.000000 130980.551862 
19 94.599840 32.892371 3.727618 0.000000 2.502196 0.000000 0.000000 0.000000 0.000000 0.000000 0.000000 0.000000 0.000000 0.000000 0.000000 0.000000 0.000000 13070.696144 
44 94.599839 32.875490 0.050000 0.928227 133.498795 0.000000 0.000000 0.000000 0.000000 0.000000 0.000000 0.000000 0.000000 0.000000 0.000000 0.000000 0.000000 225796.423862 
10 630.192853 448.322714 1.050050 1.000000 195.131340 0.012542 0.059712 0.000000 0.000000 0.054664 0.000000 0.000000 0.000000 0.000000 0.734231 0.138850 0.000000 307445.001182 
39 65.129191 325.171495 130.526316 0.000000 486.354254 0.000000 0.000000 0.000000 0.000000 0.000000 0.000000 0.000000 0.000000 0.000000 0.000000 0.000000 0.000000 97149.202758 
41 65.129190 559.984802 124.000000 1.000000 1583.768831 0.000000 0.000000 0.000000 0.000000 0.000000 0.000000 0.000000 0.000000 0.000000 0.000000 0.000000 0.000000 228175.649182 
42 65.129188 312.697185 23.157895 1.000000 1104.457457 0.000000 0.000000 0.000000 0.000000 0.000000 0.000000 0.000000 0.000000 0.000000 0.000000 0.000000 0.000000 198325.151434 
29 72.434001 559.984802 22.000000 1.000000 1424.367949 0.000000 0.000000 0.000000 0.000000 0.000000 0.000000 0.000000 0.000000 0.000000 0.000000 0.000000 0.000000 260713.644648 
101 0.000000 0.000000 0.000000 0.000000 0.000000 0.000000 0.000000 0.000000 0.000000 0.000000 0.000000 0.000000 0.000000 0.000000 0.000000 0.000000 0.000000 65269.558348 
14 630.192853 237.618961 1.037147 1.000000 69.993060 0.012542 0.059712 0.000000 0.000000 0.054664 0.000000 0.000000 0.000000 0.000000 0.734231 0.138850 0.000000 159432.388266 
12 630.192853 258.123057 1.038350 1.000000 80.079313 0.012542 0.059712 0.000000 0.000000 0.054664 0.000000 0.000000 0.000000 0.000000 0.734231 0.138850 0.000000 173517.751307 
13 630.192853 257.542810 1.038347 1.000000 79.789167 0.012542 0.059712 0.000000 0.000000 0.054664 0.000000 0.000000 0.000000 0.000000 0.734231 0.138850 0.000000 173118.269154 
17 630.192853 156.373177 1.032147 1.000000 35.786018 0.012542 0.059712 0.000000 0.000000 0.054664 0.000000 0.000000 0.000000 0.000000 0.734231 0.138850 0.000000 104211.233609 
16 630.192853 229.238106 1.036647 1.000000 66.025671 0.012542 0.059712 0.000000 0.000000 0.054664 0.000000 0.000000 0.000000 0.000000 0.734231 0.138850 0.000000 153693.259586 
20 94.599840 135.615000 3.615789 0.000000 84.012368 0.000000 0.000000 0.000000 0.000000 0.000000 0.000000 0.000000 0.000000 0.000000 0.000000 0.000000 0.000000 53962.364798 
15 630.192853 234.042511 1.036947 1.000000 68.289762 0.012542 0.059712 0.000000 0.000000 0.054664 0.000000 0.000000 0.000000 0.000000 0.734231 0.138850 0.000000 156982.000549 
18 630.192853 95.412173 1.028347 1.000000 17.527858 0.012542 0.059712 0.000000 0.000000 0.054664 0.000000 0.000000 0.000000 0.000000 0.734231 0.138850 0.000000 63319.564740 
27 7.304813 238.123054 23.157895 1.000000 1015.247726 0.000000 0.000000 0.000000 0.000000 0.000000 0.000000 0.000000 0.000000 0.000000 0.000000 0.000000 0.000000 20865.655247 
28 72.434001 304.622279 23.157895 1.000000 1094.854427 0.000000 0.000000 0.000000 0.000000 0.000000 0.000000 0.000000 0.000000 0.000000 0.000000 0.000000 0.000000 219190.806680 
31 22.165834 214.042509 4.100000 1.000000 810.636884 0.000000 0.000000 0.000000 0.000000 0.000000 0.000000 0.000000 0.000000 0.000000 0.000000 0.000000 0.000000 64056.388251 
43 94.599841 292.620740 4.100000 1.000000 883.721966 0.000000 0.000000 0.000000 0.000000 0.000000 0.000000 0.000000 0.000000 0.000000 0.000000 0.000000 0.000000 288691.696352 
32 22.165834 146.372345 4.315789 1.000000 763.517651 0.000000 0.000000 0.000000 0.000000 0.000000 0.000000 0.000000 0.000000 0.000000 0.000000 0.000000 0.000000 60767.647288 
33 0.826562 146.372345 4.315789 1.000000 763.517651 0.000000 0.000000 0.000000 0.000000 0.000000 0.000000 0.000000 0.000000 0.000000 0.000000 0.000000 0.000000 2266.019606 
21 95.426401 140.007625 3.615789 0.000000 89.632038 0.000000 0.000000 0.000000 0.000000 0.000000 0.000000 0.000000 0.000000 0.000000 0.000000 0.000000 0.000000 56228.383815 
22 72.434005 140.007625 3.615789 0.000000 89.632038 0.000000 0.000000 0.000000 0.000000 0.000000 0.000000 0.000000 0.000000 0.000000 0.000000 0.000000 0.000000 42680.505171 
37 65.129191 140.007625 3.615789 0.000000 89.632038 0.000000 0.000000 0.000000 0.000000 0.000000 0.000000 0.000000 0.000000 0.000000 0.000000 0.000000 0.000000 38376.267883 
23 7.304814 140.007625 3.615789 0.000000 89.632038 0.000000 0.000000 0.000000 0.000000 0.000000 0.000000 0.000000 0.000000 0.000000 0.000000 0.000000 0.000000 4304.237288 
24 7.304814 140.485104 25.130651 0.000000 92.292833 0.000000 0.000000 0.000000 0.000000 0.000000 0.000000 0.000000 0.000000 0.000000 0.000000 0.000000 0.000000 4329.364630 
38 65.129191 141.751599 134.563212 0.000000 104.302260 0.000000 0.000000 0.000000 0.000000 0.000000 0.000000 0.000000 0.000000 0.000000 0.000000 0.000000 0.000000 39417.068026 
36 22.992396 146.372345 4.315789 1.000000 763.517651 0.000000 0.000000 0.000000 0.000000 0.000000 0.000000 0.000000 0.000000 0.000000 0.000000 0.000000 0.000000 63033.666894 
25 7.304814 216.617630 24.376731 0.000000 213.392379 0.000000 0.000000 0.000000 0.000000 0.000000 0.000000 0.000000 0.000000 0.000000 0.000000 0.000000 0.000000 6779.752566 
26 7.304813 222.617630 24.376731 1.000000 997.925687 0.000000 0.000000 0.000000 0.000000 0.000000 0.000000 0.000000 0.000000 0.000000 0.000000 0.000000 0.000000 20466.173094 
34 22.992397 140.007625 3.615789 0.000000 89.632038 0.000000 0.000000 0.000000 0.000000 0.000000 0.000000 0.000000 0.000000 0.000000 0.000000 0.000000 0.000000 13547.878644 
