data{1} = [
100 0.000000 0.000000 0.000000 0.000000 0.000000 0.000000 0.000000 0.000000 0.000000 0.000000 0.000000 0.000000 0.000000 0.000000 0.000000 0.000000 0.000000 26481.574903 
102 0.000000 0.000000 0.000000 0.000000 0.000000 0.000000 0.000000 0.000000 0.000000 0.000000 0.000000 0.000000 0.000000 0.000000 0.000000 0.000000 0.000000 114112.902744 
420 0.000001 32.875490 0.050000 0.928435 133.528287 0.000000 0.000000 0.000000 0.000000 0.000000 0.000000 0.000000 0.000000 0.000000 0.000000 0.000000 0.000000 0.002387 
30 64.750952 317.230337 4.100000 1.000000 909.071030 0.000000 0.000000 0.000000 0.000000 0.000000 0.000000 0.000000 0.000000 0.000000 0.000000 0.000000 0.000000 200874.639010 
45 84.542606 32.875490 0.050000 0.000000 2.130551 0.000000 0.000000 0.000000 0.000000 0.000000 0.000000 0.000000 0.000000 0.000000 0.000000 0.000000 0.000000 11647.022125 
52 24267.574431 21.001213 1.374000 0.000000 0.294118 0.000000 0.000000 0.000000 0.000000 0.000000 0.000000 0.000000 0.000000 0.000000 0.000000 0.000000 0.000000 2141283.959038 
50 24267.574431 22.875490 1.333000 0.000000 0.474351 0.000000 0.000000 0.000000 0.000000 0.000000 0.000000 0.000000 0.000000 0.000000 0.000000 0.000000 0.000000 2331470.854170 
108 0.000000 0.000000 0.000000 0.000000 0.000000 0.000000 0.000000 0.000000 0.000000 0.000000 0.000000 0.000000 0.000000 0.000000 0.000000 0.000000 0.000000 34.778964 
107 0.000000 0.000000 0.000000 0.000000 0.000000 0.000000 0.000000 0.000000 0.000000 0.000000 0.000000 0.000000 0.000000 0.000000 0.000000 0.000000 0.000000 2.019645 
11 559.732034 341.175427 1.043450 1.000000 127.757679 0.012511 0.066224 0.000000 0.000000 0.059981 0.000000 0.000000 0.000000 0.000000 0.732450 0.128834 0.000000 206364.521445 
2006 0.000000 0.000000 0.000000 0.000000 0.000000 0.000000 0.000000 0.000000 0.000000 0.000000 0.000000 0.000000 0.000000 0.000000 0.000000 0.000000 0.000000 112401.209204 
40 58.300471 331.171495 130.526316 1.000000 1098.384525 0.000000 0.000000 0.000000 0.000000 0.000000 0.000000 0.000000 0.000000 0.000000 0.000000 0.000000 0.000000 155175.025753 
7 239.121800 447.636570 1.050050 1.000000 196.832989 0.012511 0.066224 0.000000 0.000000 0.059981 0.000000 0.000000 0.000000 0.000000 0.732450 0.128834 0.000000 117037.066669 
19 84.542606 32.892371 3.727618 0.000000 2.502196 0.000000 0.000000 0.000000 0.000000 0.000000 0.000000 0.000000 0.000000 0.000000 0.000000 0.000000 0.000000 11681.105525 
44 84.542605 32.875490 0.050000 0.928435 133.528287 0.000000 0.000000 0.000000 0.000000 0.000000 0.000000 0.000000 0.000000 0.000000 0.000000 0.000000 0.000000 201833.917255 
10 559.732034 448.588539 1.050050 1.000000 197.489978 0.012511 0.066224 0.000000 0.000000 0.059981 0.000000 0.000000 0.000000 0.000000 0.732450 0.128834 0.000000 274570.667539 
39 58.300472 325.171495 130.526316 0.000000 486.354254 0.000000 0.000000 0.000000 0.000000 0.000000 0.000000 0.000000 0.000000 0.000000 0.000000 0.000000 0.000000 86963.222670 
41 58.300471 560.631926 124.000000 1.000000 1584.861363 0.000000 0.000000 0.000000 0.000000 0.000000 0.000000 0.000000 0.000000 0.000000 0.000000 0.000000 0.000000 204349.052694 
42 58.300469 313.202146 23.157895 1.000000 1105.058967 0.000000 0.000000 0.000000 0.000000 0.000000 0.000000 0.000000 0.000000 0.000000 0.000000 0.000000 0.000000 177599.981043 
29 64.750946 560.631925 22.000000 1.000000 1425.314513 0.000000 0.000000 0.000000 0.000000 0.000000 0.000000 0.000000 0.000000 0.000000 0.000000 0.000000 0.000000 233153.499798 
101 0.000000 0.000000 0.000000 0.000000 0.000000 0.000000 0.000000 0.000000 0.000000 0.000000 0.000000 0.000000 0.000000 0.000000 0.000000 0.000000 0.000000 58437.665515 
14 559.732034 237.618961 1.037147 1.000000 71.518841 0.012511 0.066224 0.000000 0.000000 0.059981 0.000000 0.000000 0.000000 0.000000 0.732450 0.128834 0.000000 142251.689680 
12 559.732034 257.896526 1.038350 1.000000 81.541434 0.012511 0.066224 0.000000 0.000000 0.059981 0.000000 0.000000 0.000000 0.000000 0.732450 0.128834 0.000000 154685.533349 
13 559.732034 257.329275 1.038347 1.000000 81.256510 0.012511 0.066224 0.000000 0.000000 0.059981 0.000000 0.000000 0.000000 0.000000 0.732450 0.128834 0.000000 154336.937333 
17 559.732034 156.373177 1.032147 1.000000 37.146615 0.012511 0.066224 0.000000 0.000000 0.059981 0.000000 0.000000 0.000000 0.000000 0.732450 0.128834 0.000000 92966.393967 
16 559.732034 229.272302 1.036647 1.000000 67.547795 0.012511 0.066224 0.000000 0.000000 0.059981 0.000000 0.000000 0.000000 0.000000 0.732450 0.128834 0.000000 137149.822850 
20 84.542606 135.615000 3.615789 0.000000 84.012368 0.000000 0.000000 0.000000 0.000000 0.000000 0.000000 0.000000 0.000000 0.000000 0.000000 0.000000 0.000000 48225.440376 
15 559.732034 234.080836 1.036947 1.000000 69.825206 0.012511 0.066224 0.000000 0.000000 0.059981 0.000000 0.000000 0.000000 0.000000 0.732450 0.128834 0.000000 140087.887158 
18 559.732034 95.316401 1.028347 1.000000 18.782663 0.012511 0.066224 0.000000 0.000000 0.059981 0.000000 0.000000 0.000000 0.000000 0.732450 0.128834 0.000000 56422.059165 
27 6.450478 237.896524 23.157895 1.000000 1014.966088 0.000000 0.000000 0.000000 0.000000 0.000000 0.000000 0.000000 0.000000 0.000000 0.000000 0.000000 0.000000 18421.146368 
28 64.750946 305.142822 23.157895 1.000000 1095.472677 0.000000 0.000000 0.000000 0.000000 0.000000 0.000000 0.000000 0.000000 0.000000 0.000000 0.000000 0.000000 196021.127410 
31 19.791654 214.080834 4.100000 1.000000 810.669502 0.000000 0.000000 0.000000 0.000000 0.000000 0.000000 0.000000 0.000000 0.000000 0.000000 0.000000 0.000000 57196.896384 
43 84.542607 293.033667 4.100000 1.000000 884.137947 0.000000 0.000000 0.000000 0.000000 0.000000 0.000000 0.000000 0.000000 0.000000 0.000000 0.000000 0.000000 258071.535393 
32 19.791654 146.372345 4.315789 1.000000 763.517651 0.000000 0.000000 0.000000 0.000000 0.000000 0.000000 0.000000 0.000000 0.000000 0.000000 0.000000 0.000000 54258.832076 
33 0.738687 146.372345 4.315789 1.000000 763.517651 0.000000 0.000000 0.000000 0.000000 0.000000 0.000000 0.000000 0.000000 0.000000 0.000000 0.000000 0.000000 2025.111355 
21 85.281293 140.007625 3.615789 0.000000 89.632038 0.000000 0.000000 0.000000 0.000000 0.000000 0.000000 0.000000 0.000000 0.000000 0.000000 0.000000 0.000000 50250.551142 
22 64.750950 140.007625 3.615789 0.000000 89.632038 0.000000 0.000000 0.000000 0.000000 0.000000 0.000000 0.000000 0.000000 0.000000 0.000000 0.000000 0.000000 38153.396133 
37 58.300472 140.007625 3.615789 0.000000 89.632038 0.000000 0.000000 0.000000 0.000000 0.000000 0.000000 0.000000 0.000000 0.000000 0.000000 0.000000 0.000000 34352.561158 
23 6.450479 140.007625 3.615789 0.000000 89.632038 0.000000 0.000000 0.000000 0.000000 0.000000 0.000000 0.000000 0.000000 0.000000 0.000000 0.000000 0.000000 3800.834976 
24 6.450479 140.485104 25.130651 0.000000 92.292833 0.000000 0.000000 0.000000 0.000000 0.000000 0.000000 0.000000 0.000000 0.000000 0.000000 0.000000 0.000000 3823.023549 
38 58.300472 141.751599 134.563212 0.000000 104.302260 0.000000 0.000000 0.000000 0.000000 0.000000 0.000000 0.000000 0.000000 0.000000 0.000000 0.000000 0.000000 35284.234624 
36 20.530341 146.372345 4.315789 1.000000 763.517651 0.000000 0.000000 0.000000 0.000000 0.000000 0.000000 0.000000 0.000000 0.000000 0.000000 0.000000 0.000000 56283.943430 
25 6.450479 216.617630 24.376731 0.000000 213.392379 0.000000 0.000000 0.000000 0.000000 0.000000 0.000000 0.000000 0.000000 0.000000 0.000000 0.000000 0.000000 5986.826227 
26 6.450478 222.617630 24.376731 1.000000 997.925687 0.000000 0.000000 0.000000 0.000000 0.000000 0.000000 0.000000 0.000000 0.000000 0.000000 0.000000 0.000000 18072.550351 
34 20.530342 140.007625 3.615789 0.000000 89.632038 0.000000 0.000000 0.000000 0.000000 0.000000 0.000000 0.000000 0.000000 0.000000 0.000000 0.000000 0.000000 12097.155009 
