 
 %***************************************************
 %*                                                 *
 %*                   EBSTEX 2002                   *
 %*                                                 *
 %*      Uses IAPWS-IF97 for the properties of      *
 %*                 water and steam.                *
 %*                                                 *
 %*                  Frank Cziesla                  *
 %*                 October 21, 2002                *
 %*            f.cziesla@iet.tu-berlin.de           *
 %*              modifiziert für Ebsilon            *
 %*                  von Lea Boche                  *
 %*                                                 *
 %*              FOR INTERNAL USE ONLY!             *
 %*                                                 *
 %*         Technische Universitaet Berlin          *
 %*          Institut fuer Energietechnik           *
 %*           Marchstr. 18, 10587 Berlin            *
 %*                                                 *
 %* Ref.: W. Eisermann, W. Hasberg, G. Tsatsaronis  *
 %*       "THESIS-Ein Rechenprogramm zur Simulation *
 %*        und Entwicklung von Energieumwandlungs-  *
 %*        anlagen", Brennst.-Waerme-Kraft, 36,1/2, *
 %*        1984, pp. 45-51.                         *
 %*                                                 *
 %***************************************************
 
 % Nur zum Gebrauch am Institut fuer Energietechnik
 % der Technischen Universitaet Berlin.
 
 % Version: August 24, 2007
 
 % m [kg/s], T [K], p[bar], H [MW], S [kW/K],
 % EPH [MW], ECH [MW], E [MW]
 
 E = [
   600.44977  288.15   1.013       -59.574707      4122.175505    0.00000056    0.93464105    0.93464162
   600.44977  666.05  17.000       175.180605      4152.528675  226.00904708    0.93464105  226.94368814
    14.41942  288.15  17.000       -67.614771       145.142453    6.07299392  743.08583973  749.15883365
   614.86920 1577.32  16.490        98.114982      5035.809770  748.44847255    5.55273888  754.00121143
   614.86920  879.55   1.058      -443.543308      5080.303873  193.96920752    5.55273888  199.52194640
   614.86920  768.05   1.056      -524.134676      4982.694530  141.50397198    5.55273888  147.05671086
   614.86920  519.87   1.050      -695.985019      4714.108967   47.04655809    5.55273888   52.59929697
   614.86920  487.60   1.048      -717.602783      4671.525018   37.69935981    5.55273888   43.25209869
    76.36493  306.03   0.050     -1209.095187       304.836026    0.16269934    0.19075019    0.35344953
    76.36493  306.11  10.000     -1208.999723       304.898406    0.24018863    0.19075019    0.43093881
    95.02136  453.04  10.000     -1253.689702       959.768781   83.73812705    0.23735166   83.97547870
    95.02136  453.51  33.241     -1444.793258       537.388925   14.34332632    0.23735166   14.58067798
    95.02136  503.87  31.579     -1423.157572       582.641648   22.93943977    0.23735166   23.17679142
    95.02135  509.87  31.579     -1420.471457       587.940796   24.09847583    0.23735164   24.33582747
    95.02135  859.55  30.000     -1170.563836      1044.294978  142.50763941    0.23735164  142.74499105
    18.65643  697.13  10.000      -236.104381       206.283251   21.34378637    0.04660145   21.39038782
    76.36493  697.13  10.000      -966.428127       844.363563   87.36489939    0.19075019   87.55564958
    76.36493  306.03   0.050     -1034.679378       874.776272   10.35022629    0.19075019   10.54097647
  3237.78223  288.15   1.013    -51506.016081     12109.418477    0.00000000    8.08758112    8.08758113
  3237.78223  301.03   0.963    -51331.600331     12701.639321    3.76731444    8.08758112   11.85489556
     0.00000  273.15   0.000         0.000000         0.000000    0.00000000    0.00000000    0.00000000
     0.00000  273.15   0.000         0.000000         0.000000    0.00000000    0.00000000    0.00000000
     0.00000  273.15   0.000         0.000000         0.000000    0.00000000    0.00000000    0.00000000
     0.00000  273.15   0.000         0.000000         0.000000    0.00000000    0.00000000    0.00000000
     0.00000  273.15   0.000         0.000000         0.000000    0.00000000    0.00000000    0.00000000
     0.00000  273.15   0.000         0.000000         0.000000    0.00000000    0.00000000    0.00000000
     0.00000  273.15   0.000         0.000000         0.000000    0.00000000    0.00000000    0.00000000
 ];
