 
 %***************************************************
 %*                                                 *
 %*                   EBSTEX 2002                   *
 %*                                                 *
 %*      Uses IAPWS-IF97 for the properties of      *
 %*                 water and steam.                *
 %*                                                 *
 %*                  Frank Cziesla                  *
 %*                 October 21, 2002                *
 %*            f.cziesla@iet.tu-berlin.de           *
 %*              modifiziert für Ebsilon            *
 %*                  von Lea Boche                  *
 %*                                                 *
 %*              FOR INTERNAL USE ONLY!             *
 %*                                                 *
 %*         Technische Universitaet Berlin          *
 %*          Institut fuer Energietechnik           *
 %*           Marchstr. 18, 10587 Berlin            *
 %*                                                 *
 %* Ref.: W. Eisermann, W. Hasberg, G. Tsatsaronis  *
 %*       "THESIS-Ein Rechenprogramm zur Simulation *
 %*        und Entwicklung von Energieumwandlungs-  *
 %*        anlagen", Brennst.-Waerme-Kraft, 36,1/2, *
 %*        1984, pp. 45-51.                         *
 %*                                                 *
 %***************************************************
 
 % Nur zum Gebrauch am Institut fuer Energietechnik
 % der Technischen Universitaet Berlin.
 
 % Version: August 24, 2007
 
 % m [kg/s], T [K], p[bar], H [MW], S [kW/K],
 % EPH [MW], ECH [MW], E [MW]
 
 E = [
   609.93176  288.15   1.013       -60.515480      4187.270785    0.00000057    0.94940043    0.94940100
   609.93176  666.05  17.000       177.946968      4218.103277  229.57806598    0.94940043  230.52746641
    13.89592  288.15  50.000       -65.160001       132.103868    8.09119386  716.10792645  724.19912031
   623.82770 1537.17  16.490       104.046770      5080.732953  730.27364768    5.22963640  735.50328408
   623.82770  853.78   1.058      -429.968471      5125.972471  183.22263994    5.22963640  188.45227634
   266.50394  853.78   1.058      -183.685801      2189.854423   78.27410521    2.23414044   80.50824565
   266.50394  720.76   1.050      -224.894149      2138.016964   52.00272048    2.23414044   54.23686092
   357.32373  853.78   1.058      -246.282649      2936.117797  104.94852576    2.99549570  107.94402146
   357.32373  722.44   1.050      -300.845229      2867.569652   70.13809358    2.99549570   73.13358929
   623.82770  721.73   1.050      -525.739414      5005.587324  122.14067696    5.22963640  127.37031337
   623.82770  614.33   1.043      -601.425492      4893.237720   78.82813722    5.22963640   84.05777362
   623.82770  531.07   1.038      -658.759033      4793.869665   50.12750177    5.22963640   55.35713818
   623.82770  530.50   1.038      -659.146715      4793.139795   49.95013184    5.22963640   55.17976825
   623.82770  510.77   1.037      -672.571102      4767.563939   43.89542726    5.22963640   49.12506366
   623.82770  507.23   1.037      -674.974631      4762.877133   42.84240160    5.22963640   48.07203801
   623.82770  502.42   1.037      -678.234875      4756.471843   41.42784164    5.22963640   46.65747804
   623.82770  429.52   1.032      -727.267387      4651.845741   22.54334100    5.22963640   27.77297740
   623.82770  368.49   1.028      -767.823346      4550.692416   11.13471229    5.22963640   16.36434869
    93.87669  306.04   3.728     -1486.323232       374.750328    0.23489789    0.23449242    0.46939031
    93.87669  408.77   3.616     -1445.744148       489.021290    7.88680396    0.23449242    8.12129637
    94.69694  413.16   3.616     -1456.595476       497.627389    8.48787887    0.23654128    8.72442015
    71.89533  413.16   3.616     -1105.869086       377.806162    6.44412468    0.17958568    6.62371036
     7.17111  413.16   3.616      -110.303546        37.683809    0.64276126    0.01791255    0.66067381
     7.17111  413.64  25.131      -110.278878        37.703197    0.66184219    0.01791255    0.67975474
     7.17111  489.77  24.377      -107.873341        43.037638    1.53026046    0.01791255    1.54817301
     7.17111  495.77  24.377       -94.437412        70.141360    7.15623504    0.01791255    7.17414759
     7.17111  511.07  23.158       -94.049429        71.063019    7.27864249    0.01791255    7.29655504
    71.89532  578.29  23.158      -930.583927       735.157542   78.75835417    0.17958566   78.93793983
    71.89532  833.78  22.000      -889.353251       795.943828  102.47346164    0.17958566  102.65304731
    71.89533  590.38   4.100      -925.193765       800.368995   65.35796530    0.17958568   65.53755098
    21.98136  487.23   4.100      -287.536974       236.015539   17.81956063    0.05490674   17.87446737
    21.98136  419.52   4.316      -290.799936       228.288455   16.78315869    0.05490674   16.83806543
     0.82024  419.52   4.316       -10.851311         8.518671    0.62627000    0.00204887    0.62831887
    22.80161  413.16   3.616      -350.726419       119.821237    2.04375436    0.05695561    2.10070997
    22.80161  413.17   4.316      -350.724221       119.822386    2.04562139    0.05695561    2.10257700
    22.80161  419.52   4.316      -301.651258       236.807134   17.40942933    0.05695561   17.46638494
    64.72422  413.16   3.616      -995.565526       340.122348    5.80136334    0.16167313    5.96303647
    64.72422  414.90 134.563      -994.531195       340.416678    6.75088270    0.16167313    6.91255583
    64.72422  598.32 130.526      -937.158031       453.708865   31.47890268    0.16167313   31.64057580
    64.72422  604.32 130.526      -861.430418       579.040929   71.09208170    0.16167313   71.25375483
    64.72422  833.78 124.000      -806.838198       659.225212  102.57920022    0.16167313  102.74087335
    64.72422  586.35  23.158      -836.534572       663.941646   71.52378669    0.16167313   71.68545982
    93.87669  566.18   4.100     -1212.730711      1037.002867   82.99934916    0.23449242   83.23384157
    93.87669  306.03   0.050     -1278.299101      1054.626222   12.35278932    0.23449242   12.58728174
    93.87669  306.03   0.050     -1486.361078       374.740063    0.20000908    0.23449242    0.43450149
 18583.87695  288.15   1.013     -1843.832880    127581.034138    0.00001743   28.92707314   28.92709057
   359.89404  288.15   1.013     -5725.125122      1346.016276    0.00000000    0.89897098    0.89897098
   265.48395  294.15   1.013     -4216.598957      1015.824266    0.06846553    0.66314620    0.73161173
 18678.28711  288.28   1.013     -2931.969885    128595.706933    0.00141859   26.66444162   26.66586021
 26548.39648  296.03   1.333   -421450.827216    102288.138379   12.59324824   66.31462378   78.90787202
 26548.39648  294.15   1.013   -421659.922875    101582.433139    6.84655348   66.31462378   73.16117726
 26548.39648  294.15   1.374   -421658.889137    101582.682750    7.80836627   66.31462378   74.12299005
 ];
