 
 %***************************************************
 %*                                                 *
 %*                   EBSTEX 2002                   *
 %*                                                 *
 %*      Uses IAPWS-IF97 for the properties of      *
 %*                 water and steam.                *
 %*                                                 *
 %*                  Frank Cziesla                  *
 %*                 October 21, 2002                *
 %*            f.cziesla@iet.tu-berlin.de           *
 %*              modifiziert für Ebsilon            *
 %*                  von Lea Boche                  *
 %*                                                 *
 %*              FOR INTERNAL USE ONLY!             *
 %*                                                 *
 %*         Technische Universitaet Berlin          *
 %*          Institut fuer Energietechnik           *
 %*           Marchstr. 18, 10587 Berlin            *
 %*                                                 *
 %* Ref.: W. Eisermann, W. Hasberg, G. Tsatsaronis  *
 %*       "THESIS-Ein Rechenprogramm zur Simulation *
 %*        und Entwicklung von Energieumwandlungs-  *
 %*        anlagen", Brennst.-Waerme-Kraft, 36,1/2, *
 %*        1984, pp. 45-51.                         *
 %*                                                 *
 %***************************************************
 
 % Nur zum Gebrauch am Institut fuer Energietechnik
 % der Technischen Universitaet Berlin.
 
 % Version: August 24, 2007
 
 % m [kg/s], T [K], p[bar], H [MW], S [kW/K],
 % EPH [MW], ECH [MW], E [MW]
 
 E = [
   298.14999    1.01   1.000         0.000000        42.882498  551.73595325    1.65780491  553.39375816
   473.14999   10.00   1.000      3109.681009      3177.733512 3132.70049887    2.63085828 3135.33135716
   298.14999   20.00   1.000      3513.518808      3515.552714 4890.79465247 ************* *************
  1929.15002   10.00   1.000      6479.912444     11659.751722 *************   30.55674672 *************
  1500.00000   10.00   1.000     10013.103387     10157.437172 9922.05914811  131.96619409 *************
   298.14999    1.01   1.000     -4761.719687      1048.169851   -0.02751035    0.74474195    0.71723160
   298.14999    1.01   1.000         0.000000         0.000000    0.00000000    0.00000000    0.00000000
  1500.00000   10.00   1.000    -16441.577672      6157.364568 2922.28679420   24.96388685 2947.25068106
  1500.00000   10.00   1.000      5013.541121      8219.489209 *************  253.67982588 *************
  1500.00000   10.00   1.000     10013.103387     10157.437172 9922.05914811  131.96619409 *************
  1500.00000   10.00   1.000      8988.468375      9132.802160 9178.34114530  131.96619409 9310.30733938
  1500.00000   10.00   1.000      8988.468375      9132.802160 9178.34114530  131.96619409 9310.30733938
  1500.00000   10.00   1.000      8988.468375      9132.802160 9178.34114530  131.96619409 9310.30733938
  1500.00000   10.00   1.000      8988.468375      9132.802160 9178.34114530  131.96619409 9310.30733938
  1500.00000   10.00   1.000      8988.468375      9132.802160 9178.34114530  131.96619409 9310.30733938
  1500.00000   10.00   1.000      8988.468375      9132.802160 9178.34114530  131.96619409 9310.30733938
  1500.00000   10.00   1.000      8988.468375      9132.802160 9178.34114530  131.96619409 9310.30733938
  1500.00000   10.00   1.000      8988.468375      9132.802160 9178.34114530  131.96619409 9310.30733938
  1500.00000   10.00   1.000      8988.468375      9132.802160 9178.34114530  131.96619409 9310.30733938
   323.14999    1.01   1.000         0.000000         0.000000    0.00000000    0.00000000    0.00000000
   323.14999    1.01   1.000         0.000000         0.000000    0.00000000    0.00000000    0.00000000
   323.14999    1.01   1.000         0.000000         0.000000    0.00000000    0.00000000    0.00000000
   323.14999    1.01   1.000         0.000000         0.000000    0.00000000    0.00000000    0.00000000
   323.14999    1.01   1.000         0.000000         0.000000    0.00000000    0.00000000    0.00000000
   323.14999    1.01   1.000         0.000000         0.000000    0.00000000    0.00000000    0.00000000
   323.14999    1.01   1.000         0.000000         0.000000    0.00000000    0.00000000    0.00000000
   323.14999    1.01   1.000         0.000000         0.000000    0.00000000    0.00000000    0.00000000
   323.14999    1.01   1.000         0.000000         0.000000    0.00000000    0.00000000    0.00000000
   323.14999    1.01   1.000         0.000000         0.000000    0.00000000    0.00000000    0.00000000
   323.14999    1.01   1.000         0.000000         0.000000    0.00000000    0.00000000    0.00000000
   323.14999    1.01   1.000         0.000000         0.000000    0.00000000    0.00000000    0.00000000
   323.14999    1.01   1.000         0.000000         0.000000    0.00000000    0.00000000    0.00000000
   323.14999    1.01   1.000         0.000000         0.000000    0.00000000    0.00000000    0.00000000
   323.14999    1.01   1.000         0.000000         0.000000    0.00000000    0.00000000    0.00000000
   323.14999    1.01   1.000         0.000000         0.000000    0.00000000    0.00000000    0.00000000
 ];
