 
 %***************************************************
 %*                                                 *
 %*                   EBSTEX 2002                   *
 %*                                                 *
 %*      Uses IAPWS-IF97 for the properties of      *
 %*                 water and steam.                *
 %*                                                 *
 %*                  Frank Cziesla                  *
 %*                 October 21, 2002                *
 %*            f.cziesla@iet.tu-berlin.de           *
 %*              modifiziert für Ebsilon            *
 %*                  von Lea Boche                  *
 %*                                                 *
 %*              FOR INTERNAL USE ONLY!             *
 %*                                                 *
 %*         Technische Universitaet Berlin          *
 %*          Institut fuer Energietechnik           *
 %*           Marchstr. 18, 10587 Berlin            *
 %*                                                 *
 %* Ref.: W. Eisermann, W. Hasberg, G. Tsatsaronis  *
 %*       "THESIS-Ein Rechenprogramm zur Simulation *
 %*        und Entwicklung von Energieumwandlungs-  *
 %*        anlagen", Brennst.-Waerme-Kraft, 36,1/2, *
 %*        1984, pp. 45-51.                         *
 %*                                                 *
 %***************************************************
 
 % Nur zum Gebrauch am Institut fuer Energietechnik
 % der Technischen Universitaet Berlin.
 
 % Version: August 24, 2007
 
 % m [kg/s], T [K], p[bar], H [MW], S [kW/K],
 % EPH [MW], ECH [MW], E [MW]
 
 E = [
   614.49988  288.15   1.013       -60.918616      4218.206324    0.00000058    0.95634542    0.95634600
   614.49988  666.05  17.000       179.306776      4249.267714  231.27505365    0.95634542  232.23139907
    14.00000  288.15  50.000       -65.648066       133.093360    8.15179900  721.47176056  729.62355956
   628.49988 1537.17  16.490       104.775291      5118.853419  735.75512865    5.26828262  741.02341128
   628.49988  853.78   1.058      -433.249794      5164.433978  184.59600518    5.26828262  189.86428780
   268.49991  853.78   1.058      -185.087594      2206.285314   78.86081164    2.25065024   81.11146188
   268.49991  720.76   1.050      -226.605337      2154.058684   52.39217129    2.25065024   54.64282154
   359.99991  853.78   1.058      -248.162158      2958.148163  105.73517561    3.01763187  108.75280748
   359.99991  722.44   1.050      -303.134400      2889.085390   70.66337159    3.01763187   73.68100346
   628.49988  721.73   1.050      -529.739799      5043.145030  123.05541068    5.26828262  128.32369330
   628.49988  614.33   1.043      -605.994072      4929.952003   79.41770801    5.26828262   84.68599064
   628.49988  531.07   1.038      -663.757964      4829.820358   50.50674952    5.26828262   55.77503215
   628.49988  530.50   1.038      -664.148556      4829.102235   50.32308474    5.26828262   55.59136737
   628.49988  510.77   1.037      -677.673675      4803.334498   44.22293945    5.26828262   49.49122208
   628.49988  507.23   1.037      -680.095307      4798.612371   43.16198860    5.26828262   48.43027123
   628.49988  502.42   1.037      -683.379959      4792.159130   41.73683764    5.26828262   47.00512026
   628.49988  429.52   1.032      -732.780493      4686.747796   22.71057980    5.26828262   27.97886242
   628.49988  368.49   1.028      -773.640833      4584.835294   11.21632698    5.26828262   16.48460960
    94.57980  306.04   3.728         0.000000         0.000000    0.00000000    0.00000000    0.00000000
    94.57980  408.77   3.616         0.000000         0.000000    0.00000000    0.00000000    0.00000000
    95.40620  413.16   3.616         0.000000         0.000000    0.00000000    0.00000000    0.00000000
    72.43380  413.16   3.616         0.000000         0.000000    0.00000000    0.00000000    0.00000000
     7.22480  413.16   3.616         0.000000         0.000000    0.00000000    0.00000000    0.00000000
     7.22480  413.64  25.131         0.000000         0.000000    0.00000000    0.00000000    0.00000000
     7.22480  489.77  24.377         0.000000         0.000000    0.00000000    0.00000000    0.00000000
     7.22480  495.77  24.377         0.000000         0.000000    0.00000000    0.00000000    0.00000000
     7.22480  511.07  23.158         0.000000         0.000000    0.00000000    0.00000000    0.00000000
    72.43380  578.29  23.158         0.000000         0.000000    0.00000000    0.00000000    0.00000000
    72.43380  833.78  22.000         0.000000         0.000000    0.00000000    0.00000000    0.00000000
    72.43380  590.38   4.100         0.000000         0.000000    0.00000000    0.00000000    0.00000000
    22.14600  487.23   4.100         0.000000         0.000000    0.00000000    0.00000000    0.00000000
    22.14600  419.52   4.316         0.000000         0.000000    0.00000000    0.00000000    0.00000000
     0.82640  419.52   4.316         0.000000         0.000000    0.00000000    0.00000000    0.00000000
    22.97240  413.16   3.616         0.000000         0.000000    0.00000000    0.00000000    0.00000000
    22.97240  413.17   4.316         0.000000         0.000000    0.00000000    0.00000000    0.00000000
    22.97240  419.52   4.316         0.000000         0.000000    0.00000000    0.00000000    0.00000000
    65.20900  413.16   3.616         0.000000         0.000000    0.00000000    0.00000000    0.00000000
    65.20900  414.90 134.563         0.000000         0.000000    0.00000000    0.00000000    0.00000000
    65.20900  598.32 130.526         0.000000         0.000000    0.00000000    0.00000000    0.00000000
    65.20900  604.32 130.526         0.000000         0.000000    0.00000000    0.00000000    0.00000000
    65.20900  833.78 124.000         0.000000         0.000000    0.00000000    0.00000000    0.00000000
    65.20900  586.35  23.158         0.000000         0.000000    0.00000000    0.00000000    0.00000000
    94.57980  566.18   4.100         0.000000         0.000000    0.00000000    0.00000000    0.00000000
    94.57980  306.03   0.050         0.000000         0.000000    0.00000000    0.00000000    0.00000000
    94.57980  306.03   0.050         0.000000         0.000000    0.00000000    0.00000000    0.00000000
 19004.03125  288.15   1.013     -1883.969929    130452.303870    0.00001782   29.57595098   29.57596880
   368.03070  288.15   1.013         0.000000         0.000000    0.00000000    0.00000000    0.00000000
   271.48621  294.15   1.013         0.000000         0.000000    0.00000000    0.00000000    0.00000000
 19100.57617  288.28   1.013     -2994.143002    131500.564962    0.00108795   27.26389522   27.26498316
 27148.61719  296.03   1.333         0.000000         0.000000    0.00000000    0.00000000    0.00000000
 27148.61719  294.15   1.013         0.000000         0.000000    0.00000000    0.00000000    0.00000000
 27148.61719  294.15   1.374         0.000000         0.000000    0.00000000    0.00000000    0.00000000
    14.00000  288.15  17.000       -65.648066       140.920706    5.89634922  721.47176056  727.36810978
     0.00000  273.15   0.000         0.000000         0.000000    0.00000000    0.00000000    0.00000000
     0.00000  273.15   0.000         0.000000         0.000000    0.00000000    0.00000000    0.00000000
     0.00000  273.15   0.000         0.000000         0.000000    0.00000000    0.00000000    0.00000000
     0.00000  273.15   0.000         0.000000         0.000000    0.00000000    0.00000000    0.00000000
     0.00000  273.15   0.000         0.000000         0.000000    0.00000000    0.00000000    0.00000000
     0.00000  273.15   0.000         0.000000         0.000000    0.00000000    0.00000000    0.00000000
