data{1} = [
1.000000 0.000000 0.000000 0.000000 0.000000 30.576000 0.009351 0.000329 0.000000 0.000000 0.000000 0.000000 0.000000 0.000000 0.780856 0.209464 0.000000 -23.772300
2.000000 0.000000 0.000000 0.000000 0.000000 42.818000 0.009351 0.000329 0.000000 0.000000 0.000000 0.000000 0.000000 0.000000 0.780856 0.209464 0.000000 70.065800
3.000000 0.000000 0.000000 0.000000 0.000000 -1737.800000 0.000000 0.000000 0.000000 0.000000 0.000000 1.000000 0.000000 0.000000 0.000000 0.000000 0.000000 -1129.588700
4.000000 0.000000 0.000000 0.000000 0.000000 285.500000 0.009754 0.043526 0.000000 0.000000 0.000000 0.000000 0.000002 0.000000 0.814577 0.132141 0.000000 43.343200
5.000000 0.000000 0.000000 0.000000 0.000000 0 0.000000 0.000000 0.000000 0.000000 0.000000 0.000000 0.000000 0.000000 0.000000 0.000000 0.000000 0
53.000000 0.000000 0.000000 0.000000 0.000000 -1614.700000 0.000000 0.000000 0.000000 0.000000 0.000000 1.000000 0.000000 0.000000 0.000000 0.000000 0.000000 -1129.588700
54.000000 0.000000 0.000000 0.000000 0.000000 42.818000 0.009351 0.000329 0.000000 0.000000 0.000000 0.000000 0.000000 0.000000 0.780857 0.209463 0.000000 70.065800
55.000000 0.000000 0.000000 0.000000 0.000000 319.300000 0.009853 0.054118 0.000000 0.000000 0.000000 0.000000 0.000002 0.000000 0.822845 0.113182 0.000000 37.294700
56.000000 0.000000 0.000000 0.000000 0.000000 42.818000 0.009351 0.000329 0.000000 0.000000 0.000000 0.000000 0.000000 0.000000 0.780860 0.209460 0.000000 70.065800
57.000000 0.000000 0.000000 0.000000 0.000000 44.927000 0.009351 0.000329 0.000000 0.000000 0.000000 0.000000 0.000000 0.000000 0.780860 0.209460 0.000000 70.065800
6.000000 0.000000 0.000000 0.000000 0.000000 303.000000 0.009754 0.043526 0.000000 0.000000 0.000000 0.000000 0.000002 0.000000 0.814577 0.132141 0.000000 -162.752600
];

